1 -7.235869592 18.3447
1 -7.566348663 88.6050
1 5.349071866 53.18863
1 5.288355956 -30.6293
1 -4.744866831 -33.359
1 12.01533354 50.29836
1 1.987444082 72.06559
1 -15.35576037 16.3559
1 -0.925104254 -44.117
1 4.226750295 -14.5722
1 -6.468495113 -34.322
1 -14.2957148 -60.4955
1 2.999544423 -35.1253
1 1.665674366 -31.7533
1 -1.893032607 -18.295
1 0.089645094 -50.3795
1 2.433048845 0.842549
1 -6.715047999 -47.489
1 -5.547645738 -18.425
1 -1.096873759 -68.202
1 -2.87953029 -3.28686
1 -7.235869592 -9.2734
1 -4.626796363 -52.948
1 -1.074990806 -23.082
1 -4.090858104 -48.405
1 2.433048845 -39.3001
1 4.695267213 -45.2412
1 4.274747595 -10.2368
1 0.172729258 10.15565
1 8.115171121 -43.9567
1 7.344245512 -44.2778
1 2.279573949 -40.5847
1 -2.017723134 -41.066
1 3.200423324 -34.0013
1 -8.310193863 -40.103
1 7.577995955 -36.5704
1 -2.281682485 -57.284
1 -5.197855918 -31.611
1 -2.783458266 -17.914
1 -4.933746155 -34.964
1 16.56322769 -23.8853
1 -0.943398863 16.4179
1 -0.665751048 -19.349
1 5.502546762 -37.3733
1 -5.240695946 -2.8505
1 12.10196728 -42.5115
1 -6.35485645 -7.82827
1 -11.14778649 -36.870
1 -4.82526667 -0.44201
1 -6.755247918 2.44825
1 -18.1325872 -14.4116
1 -8.003244071 -53.912
1 1.159268414 -23.4244
1 0.540795207 -34.8041
1 -3.673127304 -21.316
1 6.269921241 -15.6962
1 1.051774783 -12.6454
1 -7.458023295 -23.885
1 -4.744866831 -30.789
1 -17.95814383 -12.945
1 -7.571681996 -15.214
1 -2.017723134 6.14138
1 0.898299887 -18.4259
1 6.97369842 -31.05327
1 -3.552472092 40.5035
1 -2.141715893 -23.583
1 -5.571681235 -23.452
1 -5.482508795 31.9279
1 -3.552472092 31.3510
1 -6.161545321 -12.484
1 1.244468786 -27.5784
1 -4.575294553 -36.570
1 -8.310193863 -25.491
1 -5.21285095 -41.2050
1 -6.949306458 -41.387
1 -5.722100586 -5.9014
1 -4.465075121 -34.964
1 -4.01289678 -43.1538
1 1.665674366 -0.12087
1 2.893473533 -22.7613
1 1.665674366 -16.9808
1 5.19559697 -23.88535
1 1.819149262 -34.1618
1 7.113451106 -19.3893
1 3.689594354 -38.9810
1 -8.003244071 -9.5945
1 -1.369134911 -48.452
1 -0.925104254 -30.147
1 -1.772965649 -33.359
1 -7.316376546 -26.584
1 8.572044679 -18.2653
1 -5.786786766 -1.8871
1 -7.69629428 -33.3590
1 -10.7657922 -4.45628
1 9.511949272 7.747095
1 10.91352796 -38.0155
1 12.86934176 -35.7675
1 -2.785097613 -2.5294
1 -9.53799303 -41.8692
1 5.042122074 -45.8835
1 0.284400304 -48.1315
1 -4.395884171 15.6681
1 -9.351243894 -5.0649
1 -5.85459553 6.141386
1 -11.6459081 -5.98559
1 -16.90639714 -24.077
1 -5.099725048 -37.694
1 -13.06791563 -3.8140
1 -7.458023295 -24.367
1 0.113376411 -20.1922
1 -0.40014096 -23.7511
1 -0.943398863 -47.007
1 -1.250348655 4.85682
1 5.656021658 -35.7675
1 4.274747595 -17.3019
1 2.433048845 -39.3001
1 2.343553217 -16.6363
1 -6.271017342 -34.322
1 3.200423324 -14.8933
1 4.735172283 43.55439
1 -0.545226978 5.28895
1 6.427684345 -29.3447
1 -1.224048892 -31.666
1 7.37355709 -14.64980
1 13.14778718 -32.8232
1 3.034943808 -2.20829
1 -5.412790402 -3.0136
1 -7.025750228 24.1915
1 0.437875199 34.72299
1 -10.94951297 7.45445
1 0.744824991 -18.2653
1 0.795104797 -29.0236
1 6.269921241 -23.7247
1 7.03729572 -25.97277
1 -2.232459397 -29.036
1 5.694248132 -36.4068
1 21.12112356 56.07891
1 -6.424343164 13.5239
1 1.819149262 -13.4482
1 0.09232942 -4.938000
1 5.502546762 -2.85057
1 1.51219947 -17.78366
1 4.735172283 -15.2145
1 6.116446345 5.017390
1 7.530207542 55.43663
1 -0.176024384 -1.8871
1 4.989411318 -25.3121
1 8.216085152 -23.8853
1 2.236054935 13.68821
1 14.55756562 171.8504
1 10.95826961 112.4503
1 -12.30054115 -32.716
1 -2.511296861 -25.491
1 -7.389344488 -30.308
1 0.005736243 14.93497
1 -3.937205356 -8.6311
1 -4.639447934 10.4767
1 0.036948641 19.96538
1 -3.475222551 14.2755
1 -15.82738162 -2.1662
1 -6.120923219 -36.967
1 6.141017885 24.12531
1 -4.8531922 -30.55111
1 -6.747995082 -48.641
1 -2.785097613 -37.694
1 0.591350095 -7.66770
1 -2.112110206 -36.409
1 4.888647179 -7.66770
1 1.358724574 -38.0155
1 -9.83547447 -17.9236
1 12.92390904 -34.8041
1 -5.701120634 -31.913
1 1.358724574 -10.3974
1 5.349071866 19.78990
1 -4.473321467 -46.044
1 -3.398997196 -12.645
1 2.361455227 -33.0378
1 -7.389344488 26.6944
1 5.682295865 3.893395
1 10.23718844 16.30454
1 -1.029990353 -28.060
1 -2.324672926 -20.352
1 7.158451559 -20.8345
1 0.591350095 -15.5356
1 13.91764945 51.58293
1 -0.182128958 -0.4420
1 -5.240695946 41.1345
1 -0.176024384 -20.995
1 8.515029791 -25.4910
1 -1.096873759 -37.533
1 -9.691467926 -9.1128
1 1.253326823 -51.1823
1 -13.34537928 -32.262
1 3.863119476 -17.7836
1 -7.10263228 -20.6470
1 -0.075363889 3.57225
1 -11.99359136 -15.375
1 5.239398961 -38.3367
1 -5.463355867 -18.265
1 -3.050750741 -12.616
1 -3.347555882 -26.354
1 -8.156718967 -12.003
1 5.123584211 -3.49286
1 -6.787973982 7.89234
1 -8.617143655 -4.7774
1 -3.243202582 -38.336
1 -4.445922193 -36.409
1 -1.403823551 -36.249
1 -4.082291374 -37.052
1 3.706748388 -26.5315
1 7.958145095 -16.4991
1 -1.250348655 -16.338
1 -1.557298446 -35.285
1 -4.640750535 -26.980
1 -6.440589621 -15.214
1 -3.951360413 -20.967
1 -6.271017342 -11.842
1 -2.324672926 -18.265
1 -6.161545321 40.8246
1 -8.924093446 -30.789
1 -14.06435965 -0.6025
1 9.185944262 116.4535
1 5.192242459 87.06908
1 7.497720408 49.33494
1 2.586523741 -16.1623
1 22.33687213 204.9192
1 -6.65413974 -16.4817
1 -1.60339337 -32.7167
1 1.819149262 -31.4321
1 -1.53870719 -32.0744
1 1.449440451 102.3231
1 4.954011932 104.8924
1 -16.44436334 71.4937
1 -7.974979935 -45.927
1 1.665674366 -25.3304
1 -0.768886877 -32.321
1 0.762378733 76.78969
1 -1.710773342 150.655
1 22.33687213 147.2057
1 10.13916682 160.0926
1 8.93452655 148.26595
1 -4.720380571 111.796
1 0.940190815 47.40809
1 -10.51261877 -26.171
1 -6.125931324 49.4955
1 -0.376187498 56.4000
1 -4.780271259 34.7229
1 -2.250014324 -40.401
1 -9.985361022 27.3367
1 0.744824991 -53.1092
1 0.130925408 -25.3304
1 0.431473978 97.02447
1 -8.607124876 136.561
1 -7.389344488 -42.190
1 7.010986577 149.0494
1 -5.85459553 5.800189
1 -5.85459553 -26.4544
1 -0.022549488 -21.637
1 -3.113297423 -14.786
1 -4.01289678 -16.1779
1 -6.101445063 -19.871
1 -0.545759777 -36.570
1 -4.785066751 -11.039
1 -4.319846571 -14.090
1 -4.01289678 -30.7899
1 -7.69629428 46.44466
1 7.057537528 56.23948
1 0.591350095 -15.8568
1 3.046948429 -29.3447
1 0.591350095 -36.8915
1 -0.211986893 79.4162
1 -3.468688438 -22.761
1 8.972675057 -20.9950
1 -3.234429979 -30.147
1 -0.675132136 12.8853
1 -3.089343961 -26.454
1 -5.281509199 -32.974
1 1.358724574 -18.4259
1 -6.61360117 -31.4849
1 5.19559697 22.198469
1 11.75126866 -33.7402
1 2.279573949 -26.2939
1 14.1251954 7.7933008
1 11.02764301 7.104811
1 -1.877851748 59.7720
1 1.469954643 69.28359
1 -3.976872476 30.0671
1 2.586523741 -22.7613
1 28.83073093 21.55618
1 -4.243250587 -28.775
1 -1.557298446 -29.987
1 -10.29117032 -18.838
1 -5.935312054 -39.744
1 -4.166371676 -24.045
1 -9.231043238 39.3795
1 14.09714093 27.49730
1 -7.190891987 23.9732
1 8.725519574 -2.85057
1 6.730345929 16.27232
1 -1.096873759 119.986
1 3.887605737 -26.2939
1 -15.37003907 -20.995
1 -1.199562632 -6.0619
1 7.190770616 144.5534
1 5.042122074 5.820245
1 8.111619991 11.27965
1 -4.959439564 89.4776
1 8.517514415 51.36175
1 -0.32949928 32.47500
1 10.10679364 140.6997
1 6.758285798 164.1430
1 6.154388131 -20.0890
1 6.269921241 -16.3385
1 11.65674736 44.83987
1 7.482415257 -3.79941
1 -4.785066751 3.09054
1 8.572044679 116.6141
1 8.724801989 -8.30998
1 1.051774783 29.42415
1 -6.621970009 88.5142
1 11.02764301 -3.49286
1 -2.825265909 -48.333
1 4.840353231 -37.6944
1 15.43180682 208.7037
1 -2.370854926 -29.023
1 3.967797804 -11.0869
1 14.86451541 11.11908
1 -3.552472092 -28.381
1 4.706130603 8.389378
1 -6.819934098 -10.879
1 6.73013456 -5.259142
1 11.79949022 -1.56601
1 0.826064299 -26.8305
1 -3.608827706 47.7292
1 30.72326222 175.5894
1 6.774306548 -28.0602
1 16.24578947 -38.6578
1 7.791740222 -31.0732
1 7.804670199 -2.52943
1 12.45174726 -6.78099
1 -7.849769176 156.114
1 1.205249679 -16.3385
1 7.958145095 -45.5624
1 -3.705946988 -16.017
1 -4.862656712 -20.064
1 -3.727433158 41.3862
1 -7.458023295 11.1190
1 11.4880677 -11.64906
1 -6.008070426 23.8041
1 -11.84011647 -25.169
1 -4.319846571 27.6578
1 -8.818040796 -22.519
1 0.284400304 -49.5766
1 -3.398997196 1.64540
1 -3.807832996 27.4973
1 15.92301334 -30.8787
1 11.6415426 -32.87732
1 -2.725713142 5.98081
1 -7.69629428 9.192232
1 -1.692524337 5.17796
1 -7.389344488 11.8335
1 14.83674695 3.543181
1 -16.13741355 50.7800
1 18.31879465 29.74529
1 16.62494488 -52.9781
1 -13.83529011 50.7800
1 -8.924093446 5.49910
1 -4.473321467 3.41168
1 -6.634648161 -10.076
1 -4.01289678 -55.1966
1 7.958145095 17.22077
1 -8.924093446 -29.023
1 -8.104352295 -39.383
1 -2.015661804 -41.869
1 2.321255307 8.549949
1 -8.156718967 -23.082
1 -0.636449071 -15.856
1 -2.17119803 -30.1476
1 -2.478147821 12.0825
1 -8.770618551 -23.564
1 5.694248132 -31.4692
1 4.889858551 -11.2246
1 -10.7657922 -5.74085
1 -1.211783781 -58.812
1 -11.99359136 9.67394
1 -1.710773342 -12.163
1 -1.877851748 -23.564
1 -4.473321467 -7.3465
1 15.0179903 50.780077
