1 -7.23586
1 -7.56634
1 5.349071
1 5.288355
1 -4.74486
1 12.01533
1 1.987444
1 -15.3557
1 -0.92510
1 4.226750
1 -6.46849
1 -14.2957
1 2.999544
1 1.665674
1 -1.89303
1 0.089645
1 2.433048
1 -6.71504
1 -5.54764
1 -1.09687
1 -2.87953
1 -7.23586
1 -4.62679
1 -1.07499
1 -4.09085
1 2.433048
1 4.695267
1 4.274747
1 0.172729
1 8.115171
1 7.344245
1 2.279573
1 -2.01772
1 3.200423
1 -8.31019
1 7.577995
1 -2.28168
1 -5.19785
1 -2.78345
1 -4.93374
1 16.56322
1 -0.94339
1 -0.66575
1 5.502546
1 -5.24069
1 12.10196
1 -6.35485
1 -11.1477
1 -4.82526
1 -6.75524
1 -18.1325
1 -8.00324
1 1.159268
1 0.540795
1 -3.67312
1 6.269921
1 1.051774
1 -7.45802
1 -4.74486
1 -17.9581
1 -7.57168
1 -2.01772
1 0.898299
1 6.973698
1 -3.55247
1 -2.14171
1 -5.57168
1 -5.48250
1 -3.55247
1 -6.16154
1 1.244468
1 -4.57529
1 -8.31019
1 -5.21285
1 -6.94930
1 -5.72210
1 -4.46507
1 -4.01289
1 1.665674
1 2.893473
1 1.665674
1 5.195596
1 1.819149
1 7.113451
1 3.689594
1 -8.00324
1 -1.36913
1 -0.92510
1 -1.77296
1 -7.31637
1 8.572044
1 -5.78678
1 -7.69629
1 -10.7657
1 9.511949
1 10.91352
1 12.86934
1 -2.78509
1 -9.53799
1 5.042122
1 0.284400
1 -4.39588
1 -9.35124
1 -5.85459
1 -11.6459
1 -16.9063
1 -5.09972
1 -13.0679
1 -7.45802
1 0.113376
1 -0.40014
1 -0.94339
1 -1.25034
1 5.656021
1 4.274747
1 2.433048
1 2.343553
1 -6.27101
1 3.200423
1 4.735172
1 -0.54522
1 6.427684
1 -1.22404
1 7.373557
1 13.14778
1 3.034943
1 -5.41279
1 -7.02575
1 0.437875
1 -10.9495
1 0.744824
1 0.795104
1 6.269921
1 7.037295
1 -2.23245
1 5.694248
1 21.12112
1 -6.42434
1 1.819149
1 0.092329
1 5.502546
1 1.512199
1 4.735172
1 6.116446
1 7.530207
1 -0.17602
1 4.989411
1 8.216085
1 2.236054
1 14.55756
1 10.95826
1 -12.3005
1 -2.51129
1 -7.38934
1 0.005736
1 -3.93720
1 -4.63944
1 0.036948
1 -3.47522
1 -15.8273
1 -6.12092
1 6.141017
1 -4.85319
1 -6.74799
1 -2.78509
1 0.591350
1 -2.11211
1 4.888647
1 1.358724
1 -9.83547
1 12.92390
1 -5.70112
1 1.358724
1 5.349071
1 -4.47332
1 -3.39899
1 2.361455
1 -7.38934
1 5.682295
1 10.23718
1 -1.02999
1 -2.32467
1 7.158451
1 0.591350
1 13.91764
1 -0.18212
1 -5.24069
1 -0.17602
1 8.515029
1 -1.09687
1 -9.69146
1 1.253326
1 -13.3453
1 3.863119
1 -7.10263
1 -0.07536
1 -11.9935
1 5.239398
1 -5.46335
1 -3.05075
1 -3.34755
1 -8.15671
1 5.123584
1 -6.78797
1 -8.61714
1 -3.24320
1 -4.44592
1 -1.40382
1 -4.08229
1 3.706748
1 7.958145
1 -1.25034
1 -1.55729
1 -4.64075
1 -6.44058
1 -3.95136
1 -6.27101
1 -2.32467
1 -6.16154
1 -8.92409
1 -14.0643
1 9.185944
1 5.192242
1 7.497720
1 2.586523
1 22.33687
1 -6.65413
1 -1.60339
1 1.819149
1 -1.53870
1 1.449440
1 4.954011
1 -16.4443
1 -7.97497
1 1.665674
1 -0.76888
1 0.762378
1 -1.71077
1 22.33687
1 10.13916
1 8.934526
1 -4.72038
1 0.940190
1 -10.5126
1 -6.12593
1 -0.37618
1 -4.78027
1 -2.25001
1 -9.98536
1 0.744824
1 0.130925
1 0.431473
1 -8.60712
1 -7.38934
1 7.010986
1 -5.85459
1 -5.85459
1 -0.02254
1 -3.11329
1 -4.01289
1 -6.10144
1 -0.54575
1 -4.78506
1 -4.31984
1 -4.01289
1 -7.69629
1 7.057537
1 0.591350
1 3.046948
1 0.591350
1 -0.21198
1 -3.46868
1 8.972675
1 -3.23442
1 -0.67513
1 -3.08934
1 -5.28150
1 1.358724
1 -6.61360
1 5.195596
1 11.75126
1 2.279573
1 14.12519
1 11.02764
1 -1.87785
1 1.469954
1 -3.97687
1 2.586523
1 28.83073
1 -4.24325
1 -1.55729
1 -10.2911
1 -5.93531
1 -4.16637
1 -9.23104
1 14.09714
1 -7.19089
1 8.725519
1 6.730345
1 -1.09687
1 3.887605
1 -15.3700
1 -1.19956
1 7.190770
1 5.042122
1 8.111619
1 -4.95943
1 8.517514
1 -0.32949
1 10.10679
1 6.758285
1 6.154388
1 6.269921
1 11.65674
1 7.482415
1 -4.78506
1 8.572044
1 8.724801
1 1.051774
1 -6.62197
1 11.02764
1 -2.82526
1 4.840353
1 15.43180
1 -2.37085
1 3.967797
1 14.86451
1 -3.55247
1 4.706130
1 -6.81993
1 6.730134
1 11.79949
1 0.826064
1 -3.60882
1 30.72326
1 6.774306
1 16.24578
1 7.791740
1 7.804670
1 12.45174
1 -7.84976
1 1.205249
1 7.958145
1 -3.70594
1 -4.86265
1 -3.72743
1 -7.45802
1 11.48806
1 -6.00807
1 -11.8401
1 -4.31984
1 -8.81804
1 0.284400
1 -3.39899
1 -3.80783
1 15.92301
1 11.64154
1 -2.72571
1 -7.69629
1 -1.69252
1 -7.38934
1 14.83674
1 -16.1374
1 18.31879
1 16.62494
1 -13.8352
1 -8.92409
1 -4.47332
1 -6.63464
1 -4.01289
1 7.958145
1 -8.92409
1 -8.10435
1 -2.01566
1 2.321255
1 -8.15671
1 -0.63644
1 -2.17119
1 -2.47814
1 -8.77061
1 5.694248
1 4.889858
1 -10.7657
1 -1.21178
1 -11.9935
1 -1.71077
1 -1.87785
1 -4.47332
1 15.01793
