-0.0575299340103474 0.0188330081832147 0.0577507434601869 0.0580623821018935 0.0135337405739959
0.0915987764063407 -0.0849584266603903 -0.0671409179070169 -0.0865344973910318 0.096894319604842
0.0435204873332592 -0.00724890798724868 0.126329070734417 -0.0530547862800892 -0.0597731833642192
0.0227378574153343 0.03528130625846 -0.0586794323994678 -0.0470454219232085 -0.0042845084033621
0.00324825772760359 -0.024977697813998 -0.0502320313125301 -0.057589439061617 0.0060620374839974
-0.0769075693299752 0.0555547787435238 0.0181260008951242 0.0311340551746866 0.0347352304228083
0.0816815822890735 -0.0683469609253992 -0.16779492834698 -0.124029692755564 0.0362541246293739
-0.0665540053028232 -0.0951487487292314 -0.0547608291655948 -0.00812724422670646 0.00166706692440088
0.0519269009512308 -0.014329985358938 0.0865816696845902 -0.0403116241805345 -0.0236147767126295
0.0140080463928998 0.0791650378932649 -0.0393463089403179 -0.0322228791065111 0.028388593960624
0.0677842261077967 0.00792189157136459 0.0431074761932121 -0.0276243736651783 -0.00276866170284273
0.00469309954241773 0.0428766089394052 0.0207186027695146 -0.00733651480355798 -0.000491509036428806
-0.0165244631441977 0.0790060746278566 -0.0167378239114806 -0.00525309623828924 0.0332290862987828
-0.0170544152857674 0.0782646342889286 -0.0170665209905138 -0.0175190656091318 0.0235048535803076
-0.0247319658648783 0.0605298286672448 -0.0105157794247693 -0.00359565114817129 0.0196762114077723
-0.0307115586640342 0.0786955312135935 -0.0051384162386746 0.00324233460711113 0.0286978279267612
-0.0048473098851542 0.0461174113056891 -0.00511975412743325 0.000604794594499206 -1.92652637358258e-05
0.0165134389646703 0.0544220592890253 -0.0175246377354483 -0.0212820892695525 -0.00472483372162582
0.116568294609495 0.0364360459329697 -0.0609105412040319 0.0676060593270231 -0.127486666400971
0.00359529412770338 0.0609114816144779 -0.0108638522789423 -0.0124986067166765 0.0116631428196047
0.0503506596884477 0.00782904098037137 -0.0161985423880824 0.0933089986285458 -0.173696413801096
0.0713484246097277 0.00701973599972971 -0.0392832686413184 0.0892747477024417 -0.172499973047338
0.00697466727486674 0.0134940756732144 0.0374796996378102 -0.0198834437378902 0.0154738690852915
0.0374496352425217 0.059509364131412 -0.00996206262015479 -0.0297750083387275 0.00647295864782961
-0.00895521967136909 0.110700385566253 -0.0256917448264495 -0.0266864521405999 0.0445134132907421
-0.0803610791970932 0.0495327012978385 0.0222155064216366 0.0285046448227794 0.0285303996777021
-0.0536121175890888 0.0771386097491552 -0.00412654853241411 0.00750558760761343 0.0347446732177711
0.00197370071760321 0.0857777638102053 0.00552159420851314 -0.0299058174236297 0.0210444828011114
-0.00767413614391812 0.0574556968484182 -0.0147156356748072 0.000735096264328781 0.0130721435724139
0.0462731874480419 -0.0362903066738972 0.0947810570871165 -0.0479277945667975 0.00953262129904879
0.0633006757322466 -0.0303360401988343 0.0872466784521501 -0.0611295369408571 0.00688830665800293
0.0289699435366693 0.000530100692811893 -0.0468105886925767 -0.0046882646514285 -0.00661592525830006
-0.0178099386763647 0.0396560587039133 -0.0133261310288581 0.0116094944057596 0.00749781384445294
0.0506845637285686 -0.0182882668147897 0.0424699638647404 0.0274168955830875 0.0514096062091559
-0.0667633280419006 0.0375829752100774 0.0192851941245373 0.0372497067944843 0.0210556636961958
-0.00908911203381474 -0.0787265520525763 -0.0987566760150727 -0.0576394582925232 0.00791517720401312
-0.00681866757297226 0.0713978744817817 -0.0171275148992943 -0.0130613259835235 0.0177753024347808
-0.00662220587488439 0.0186531014606647 0.000383196098875394 0.0246904479827783 -0.0391268811706179
0.132195518873131 -0.0629503827292185 -0.0476279820051867 0.27592188249412 0.174207309906311
0.0258476145137678 0.014067756346365 -0.0167402109595559 0.0523467316295553 -0.0859906689131377
0.105760097559726 -0.00996645792519446 0.0857920388530504 -0.105435820308891 0.0128866696302453
0.0158660469914611 -0.0351938806291713 -0.000708335909758552 -0.0183053716538627 -0.00236764655465854
0.00429769757365724 -0.0407906121493424 -0.0323607139688646 -0.00325209471585435 -0.00862421367485
0.0461351501399698 -0.0316050131992552 0.0702421128522651 -0.0415723504853318 0.0140793740583549
0.0371552478204414 -0.0326978134045054 -0.0423870597610005 -0.0421395262446206 -0.00754488486018452
0.0869977962384505 -0.0239537049114227 0.0879684275505465 -0.0877546121828411 0.0154669596413028
0.00068599392825837 0.0214197845661464 -0.00542690109146281 0.00206331675986659 -0.00823983608350599
0.0441436632021701 0.0154438266896951 -0.0186229017488582 0.0481419871645804 -0.0709692418498651
0.0596797876280838 -0.0131029044651884 -0.0912598658940076 -0.0385339415004162 -0.0041276716576514
-0.0195296149546172 -0.014124333570778 0.00812598084299621 0.0854218003418365 -0.0704131651192514
0.0799928926169871 0.0658455908630618 -0.0376851149675626 -0.0386416358956106 -0.00754818765182517
0.0593095176294031 0.0173010010825262 -0.0217115638964316 0.0772599976044408 -0.163606589776664
0.0229985983680344 -0.00891659774915876 -0.0147763518409874 0.0879639314746703 -0.143123623402747
0.0325575835891687 0.0171351555035146 -0.00599707171273076 0.0787316671556125 -0.132951574599628
0.00954098961778871 0.0407819791329182 -0.0087441429454753 -0.0193022815619563 0.000373898755893475
0.0739551588115165 -0.0234425241502222 0.0528638696162357 0.0319407831684739 0.0685934519809835
-0.0106399899125421 -0.0417690117592327 0.0611969551451551 0.0622766318356122 0.0359329445737443
0.0315232087406913 0.0521712149054653 -0.0194806828850105 -0.0384385313537103 0.0110251659174023
-0.0112482598508931 0.0422277491847059 -0.00216735426906375 -0.00198675177022459 0.00271201569541092
0.0243231746642908 0.0494438407186712 -0.0328694863661861 -0.0342688285329922 0.00426776391314494
0.0866801448751241 0.0603765532512207 -0.0744098236863662 -0.048595513182658 0.000473039611764144
-0.0448820164709173 -0.0407331203178214 0.00245682700480598 0.0310667110772192 0.00269131758614672
0.0586135669884799 -0.0147241576804565 0.0698512853633132 0.000127727862089353 0.0176978162482562
0.0943104283116017 -0.0189705619291285 0.023575037635113 0.0119245094312554 0.069803016550933
0.0473861840548673 -0.0257019137669125 -0.0399901181890049 -0.00316832122437784 0.0222248696222712
-0.0131703471207862 -0.0737647288573427 -0.0600082257609863 -0.0297748427932237 0.00859945886102868
-0.00634220599539448 -0.080334449904913 -0.0962993241739019 -0.0667023695393089 0.0059177168703175
0.019253387275051 -0.0203588592945139 -0.0351405041955943 -0.0103851378030737 -0.0133728082207158
0.0197872927221453 0.0162531258146721 -0.0242248962827877 -0.00926730020136905 0.002535969015713
0.0067959361590447 -0.0730769095596565 -0.050967279613049 -0.046995126216015 0.0171618114172425
0.073157711722099 -0.0349062579977047 0.0260653787610667 -0.0836087562551652 0.0137001074771108
-0.0135377343036399 -0.0723957282958669 -0.0926200343493336 -0.0581054086404708 -0.0142904648528234
-0.0702380195325063 0.0248227444420599 0.0140151602185511 0.0248702096826756 0.00884975096937225
-0.0554219010164936 -0.0665801476693302 -0.0314637972871433 0.0128417283254664 -0.00521273734460736
-0.0118573189726254 -0.0769858052715581 -0.0763523143521263 -0.0469621848827799 0.00388260010744326
0.0193647676373204 -0.0169838495486226 -0.0314278845601805 -0.0174092087346463 -0.00175249454165487
0.0218544873803784 0.00200757893559704 -0.0229441654555935 0.00551728484487524 -0.0127444072081283
-0.0116072710090348 0.0756827693044333 -0.0272072588576848 -0.0282075141069926 0.0331245806064955
0.0290831290200339 0.11265882587585 -0.0423149136397851 -0.0494522574016864 0.0294596374435002
-0.0203312604355494 0.082811893695389 -0.0142627573358338 -0.0087423952370955 0.0268139599377166
0.000328925456252699 0.0745669034689965 -0.0174172153636243 -0.0152719422581676 0.0244186927217317
0.0244706585968613 0.110890891794071 -0.036920055104232 -0.0519809920210282 0.0364036631257314
0.0289011396148215 0.0987021860539077 -0.04552046550889 -0.0450957489048216 0.0338448956414066
-0.0168003518962751 0.0818047288612589 -0.0195537070703404 -0.0155342985982064 0.0241946421057508
0.01379428696238 0.0744539175845644 -0.0338584880835528 -0.0311432710062864 0.022425497422647
-0.0277476412158703 -0.0852136811389143 -0.0696546327190985 -0.043929035303305 0.00321096048462664
-0.0150389838334668 0.0494300560080657 0.00424593998446877 -0.00437240687031356 0.00897871176527203
0.00250244696601561 0.0718699198033496 -0.0097852551771107 -0.0175184706461042 0.0155857943272493
0.0461418203224221 0.085862339645303 -0.0355273521069379 -0.0506624378143704 0.00956820351615034
-0.0134322238793828 0.0442109537522401 0.00478404233049662 0.00023410248792072 -0.00391838155278874
-0.0229043849778907 0.0720895276566095 -0.0124944688254516 -0.00872066230099103 0.0235604514473554
-0.020116043138079 0.0512895914090479 -0.0074990482592123 -0.0175435924985197 0.0153698179728365
0.000418158872066602 0.036864933248806 -0.00299948640267932 -0.0182846012095696 0.00160792841240277
0.0536579642438831 -0.00857900832426186 -0.056001335546607 -0.0296209651353907 -0.0230579017558735
0.0558369121603746 -0.0221683100957331 0.0553798880925431 -0.0541240014351721 -0.00280759163851756
0.0459702212088224 -0.0296552936185897 0.0858722754885431 -0.0416721302632254 0.00941439760018415
0.0597626795928117 -0.0303775117699539 0.0691406809565408 -0.0653955547777037 0.0115292634774837
0.0721537013584385 -0.0169732915067112 -0.0604687557691251 0.0604443991206785 -0.016311066962339
-0.0543549590682327 -0.0019395482400706 0.00357214367090975 0.0325621675146886 0.0036148827183971
0.0398097964689035 0.0631633613878895 -0.0127523324219567 -0.0432398701156484 0.0121660545368088
0.0364100850871044 -0.0286770845463042 -0.0838742046866343 -0.0322107883750277 -0.00233869150147876
0.101256014511824 0.0293124493212241 -0.0493927637291885 0.0778327227855927 -0.186819130257931
0.0343269372568236 -0.00475385213495278 -0.0158903858727331 0.078994604362939 -0.0924004161087096
-0.015401096025251 -0.0210218647255677 0.0118968197129221 0.102703799671143 -0.115954890810505
0.0335250520812158 0.0479539546210351 -0.0205024328164568 0.0155747105791372 -0.0531401290152481
0.0316534892797716 0.0036985734641962 -0.0116793212970352 0.082746315482074 -0.152430600951871
0.0368630335854358 -0.000212604579805057 -0.0168680155472455 0.0794820681278632 -0.145041291893813
0.143091194417992 -0.0603970546272826 -0.0609623882095333 0.281946664114211 0.197664093200152
-0.010947996480036 -0.0814801496455628 -0.042176423835187 -0.0260304166691612 0.0203937114038363
-0.0200477207100242 0.0729149420597855 -0.0168011488385527 -0.00900951657037248 0.0342396631860891
0.00725137721300656 0.0623158511848531 -0.0205909082968229 -0.0235525628635806 0.00912733290545148
-0.0293066419184852 0.0536106838928825 -0.0074685564831513 -0.0105067874573103 0.0121547793252476
-0.00759479136495793 0.0607490551651622 -0.019754695729022 -0.0291307710420267 0.0196169139785707
-0.0128356985107288 0.0755604323836893 -0.0204281226021302 -0.0220349812817958 0.0179674005397967
-0.025882762365812 0.0491361214148278 -0.0116602295386475 0.0035661925520774 0.0202249327168062
-0.0291959498288572 0.0879958357736963 -0.00995910063340924 -0.00370888077997336 0.0303495546628351
-0.00954194391462127 -0.0474711277171501 0.0515060479867984 0.0526993935702004 0.0334366907857849
0.0196552028986409 -0.0216967041475836 -0.0377229973916487 0.0205407921159644 -0.00146723480045347
0.0605213500716713 -0.0207399567596898 0.0434649971324522 0.0275982679551749 0.0578369452435531
0.0715299234740795 -0.0182378691298351 0.0385545327643225 0.0341563063056885 0.0687040425112075
0.0490263977149607 -0.0263163699409794 0.0760096492708218 -0.0202162761371203 0.00571878208337111
0.04091216789978 -0.0268866603315007 0.0839017605048061 -0.0455614565360044 -0.0181629901393453
0.0191988345511315 -0.0291645253424359 0.066981262171085 -0.0230571864874954 -0.0141422231787384
0.043130308673885 -0.0235560622235506 0.0940084340192078 -0.0418368422536752 -0.0254162135922973
0.0802192050990835 -0.00379798758260277 0.0773752953148678 -0.066738363517671 -0.0218730251650174
0.0521273044367369 0.0465201286840469 -0.00386134062223262 -0.0273338646834983 0.0119455401591788
0.0403445586331803 0.0312658603763472 -0.0243379284430096 -0.00773332494801981 -0.011347978129189
0.00688698466061364 0.00828329396573334 0.000112281106041234 0.0256072853565596 0.00576450134264596
0.0371481301630775 0.0107598095907536 -0.0317045070823307 0.00747940807572965 -0.0081380832135816
0.0532162977903705 0.00526514800119124 -0.0269633536900672 0.0793773049629964 -0.12086858983829
0.0411501260884504 -0.0111513069870047 0.101523581387208 -0.0352505586830545 -0.00572389594899729
0.0561757091141972 -0.0217502686614954 0.0740654319606356 -0.0108347243589292 0.0185444777109168
-0.0252657756166757 0.0920515787952457 -0.0214034755157766 -0.00835321203855748 0.0323794444827806
-0.0238547315854136 0.00965468474410138 -0.0369301969060731 -0.0145518196071977 0.0219481125111771
0.0463707931449884 -0.0075473363881652 0.0458091163378979 -0.0345189949747627 -0.0201534478625734
-0.0186265424222366 0.0213303381447474 0.0110599176955073 0.0202730459882299 -0.0392073960678892
0.0298069427609136 0.0362819368897752 -0.00605785074225382 0.0018989434663837 0.0658736574681211
0.0527830174693739 -0.044483826162116 0.0723346816588603 -0.026363706132355 0.0567253506919098
-0.071716172160977 0.0204535159198195 0.0154897556218593 0.0232118467270529 0.0136170672911423
-0.0839624313434479 -0.0127015990859243 -0.0110501158561784 0.0109746581691659 0.00354797264514122
-0.0386882583597639 -0.0291852223861871 -0.0537127050692894 -0.0308351002390289 0.00130602781041871
-0.0626981045843961 -0.015357040592577 0.0323332923044051 0.034948375856008 -0.0319715445649967
-0.0112513395571822 0.0419756393389391 -0.0521257493181175 -0.0360172711802297 0.0109327073531317
-0.0149081701954552 0.0185776586771793 -0.0400523079412871 -0.00948281710800427 0.00579367168066731
-0.0416733313412009 0.0690752244296608 -0.00798535211882661 0.00696167109147449 0.040450132046439
-0.0195290861499821 0.0110856583024302 -0.0584609102859354 -0.0446756154304997 0.000910084829883982
-0.0685210683984613 -0.00447106318505217 0.0499535877654986 0.02112154309486 -0.00397313606538536
-0.0717359645485135 0.00082374753870715 0.0472215976496823 0.0201287206636216 -0.00602242522838314
-0.0269138424600597 0.0669116938672119 -0.0108064500490865 0.00445161698141806 0.0127876551360542
0.00839090123302012 -0.0615735882285909 -0.0835748669455065 -0.0540658876831096 0.0170894998707864
-0.0764948936409596 0.0216832113189107 0.0100620882889893 0.0302504777417832 0.0160303702300519
0.0208896533804102 -0.072603376845172 -0.0853943702747581 -0.065535289968335 0.0272287893881599
-0.0224736875102221 -0.0802782023690045 -0.0809917606385124 -0.040554601596785 -0.00244926260757109
0.000255033289593349 -0.0793474773280695 -0.0969830363861983 -0.0653530121380946 0.006621456878411
0.0107414413130001 -0.0772306544052262 -0.111149624166478 -0.0812748315451775 0.00725686377989429
0.00251766313866322 -0.0639278557799683 -0.0815289892329595 -0.0511521482540819 0.0104784067882126
0.0604308905893272 0.00419676014276743 -0.0112848269516929 -0.000204895740564786 0.0559559785334024
0.0763987022516434 -0.0397290426387411 0.000824912498315982 0.0397054107201456 0.118928875892894
0.0697069154236424 -0.0375024769438839 0.0117893780353342 0.0450741142607375 0.122902000974441
0.0481631668092681 -0.0503227433887411 -0.0168730984403434 0.0308520117281256 0.083269384794248
-0.0113585466024479 -0.0763250042875255 -0.081017300274526 -0.0497586543742698 0.00515916211351651
0.0490885468958655 -0.024222758512763 0.0289539626527045 -0.0440854244798995 0.00494009603900091
-0.000159210717526806 -0.0784400325167397 -0.0741676677787587 -0.0506278704362076 0.015050856606252
0.035830746200784 0.00767069514340004 0.0083305327364132 -0.0315793004892661 0.0191166798803289
-0.0235629795374168 -0.0118479021628425 -0.00886887203125787 -0.0234506077008511 -0.0101055082231959
0.0400344603440428 -0.0131139527959267 0.0602018924679127 -0.0266081836972119 -0.0390147626875631
0.0525399780624012 -0.00837870979705738 0.0928986556830788 -0.0488729408641631 -0.0108931083177422
-0.0419474963195352 0.0673727491920062 -0.00241402661219249 0.0102860197787502 0.0169897208150209
0.101717925676726 0.00321045520576992 0.0717588829817843 -0.0878903752999259 -0.0146921444247207
0.0271127043944113 -0.034109623850151 -0.0637133358689335 0.0073579198697139 -0.0852713023327109
-0.0189951662801593 0.0474925844818128 0.00146630851514411 -0.00239029229108325 0.00937619886841767
-0.00510673200293325 0.0788992668846341 -0.0126241369719188 -0.017468588515619 0.0294984935121708
0.0367971706231963 -0.0345857222337107 0.0674512002805967 -0.0417287424857403 0.00532751518487179
0.037396743567019 -0.0419298760669774 0.0809444751118714 -0.0257701540632474 0.0300138875205015
0.0160042513192628 0.0319281360039582 -0.0237393485821928 0.00917062598332983 0.0117404479110924
-0.0221494728035549 -0.0677222576606929 -0.0544274186495298 -0.0323352398002683 0.00435194861037325
-0.0692025893789308 0.0296192916626012 0.00845634467891828 0.0302815847712024 0.0137647748158737
0.0168364746397721 0.0122080639155017 -0.0402874187023035 0.0088783479453236 -0.0123765166970222
0.0569330181392051 -0.0228902075203162 0.0792525564249395 -0.0479746744544467 0.00503085164121279
0.0511128115017709 0.00818055394297861 -0.0284084437262501 0.0867481824884539 -0.13021722673497
-0.00544010940714971 -0.0761435416378815 -0.099569620304515 -0.0653276445451721 0.00234907100010677
0.0636847844508276 -0.00809690019673261 0.0844768630111623 -0.0499801114533983 -0.0179751736908111
0.0890605015122029 0.00754328303472318 0.0618689513958456 -0.0872473127488127 -0.0200836503795908
-0.0346265547899064 0.0675196363912476 -0.0109758443617699 -0.00625917271420783 0.0259354657677754
-0.0643871878373141 0.0199367290579777 0.0158516868931242 0.0368655346180593 -0.00138592562150221
-0.0160925279866984 0.0387376377226491 -0.0180783374125062 -0.00793236475052773 0.035339410498083
0.0325075230207039 0.0321436727077563 -0.0130597849152018 -0.00922403468694094 0.0105124128974665
-0.0596558046706729 -0.017487315066964 0.0501686765776193 0.0355146973222425 -0.0117681596450894
0.0042124099650616 0.023210358465917 -0.0166932848680899 0.0270990884111693 -0.0650653376410674
0.0437943943843121 -0.0263119747592602 0.0730529894090355 -0.0465972103049447 0.0109671319151237
-0.0184289313394563 -0.0769268657908147 -0.0772285732070971 -0.0414904630900485 0.00652097454876235
-0.0217516549532638 0.0649684986391529 -0.00705098470485989 -0.00440867250753416 0.0202425054996954
0.0111433704553512 0.0590290377920607 -0.00400762977150176 -0.0151828192684254 0.00460030170181414
0.10731156909474 0.0162792820137964 0.0841479505940675 -0.0845387418973796 -0.0280219477896754
-0.0210050650129292 0.0702445970890515 -0.0169382769558894 -0.00817672971588263 0.0208594630162354
-0.0159234235383115 -0.00251399676848353 -0.0277472355119199 -0.0110446226971683 0.0133971503376488
0.0999441933420242 0.00428642605055888 -0.0914278574955409 -0.00278365840867179 -0.0620653307106601
-0.00111347512661324 -0.0272304037316292 -0.0264947081060544 -0.020090581179852 -0.039878860446097
0.00648620328513334 0.0113595917885646 -0.0291363165748836 -0.0118761570590371 -9.9942339730822e-05
0.00054924840588911 0.0580276722346227 -0.0123508509862912 -0.0244239625086942 0.0122933221869089
0.0356476251805147 -0.00880333729223325 0.046831867976991 -0.00380050880082654 0.00991998240717596
-0.00128187645064919 -0.00388210792719863 -0.0141567769303481 0.013117314556529 0.0540439296708678
0.0244816655822049 -0.0317346782221753 -0.041979440959434 -0.0237555503694687 -0.00440171186122807
0.0306549445535599 -0.0271645477222048 -0.0194147693624068 -0.0351553658323483 0.00456610720104872
0.0544111768904598 0.000384809530374085 -0.0257293297184687 0.0698933904689697 -0.12173911963649
0.0590704399520314 0.0761714106887753 -0.0428893752824983 -0.0663552339027984 0.0172530031089967
0.0338819270777181 -0.021461682291793 0.0630018343881958 -0.0264976304825087 -0.0277320186806974
-0.0487540186134794 -0.0291279859901431 -0.00187463543339129 0.0210056749164561 -0.00379494389681247
0.0405739372358639 0.0174579078436342 -0.0289754984907076 0.0597310273974944 -0.131222570209672
-0.0132511326483973 0.0705994434093385 -0.0218861024292123 -0.0173279324263703 0.0199110540326211
0.00163436339427454 0.100560936710624 -0.0313145049036591 -0.0253184730280523 0.0322378842398096
-0.0259660210481466 0.0778487053948485 -0.00501079788268002 0.00353026476838328 0.0194368676713602
-0.0128905123747112 0.0743388316585279 -0.024903589602512 -0.0226046340774327 0.0353217596436335
-0.0430397875073603 0.0664353545155022 -0.00543259684960114 0.00610721865801696 0.0216820183443622
0.0458021630539694 0.0497666991563903 -0.00738008247727148 -0.0472178206515299 0.0249052756184271
-0.000224888805440266 0.0349112869202171 -0.00113229647645749 -0.00777842569469622 -0.000197244441984879
0.0384147810347124 0.0369996368494917 0.0159989603601262 -0.015353503065552 0.00254938319095819
0.0580942369729171 0.0235283371127446 0.0299235551254237 -0.0233166324209133 -0.0131457481931638
0.0367470818097191 0.00260105352180022 -0.0154401679279421 0.0775789075567756 -0.0920490246240444
-0.0131860974322228 0.0488917934290009 -0.00535755708463212 0.0181879543044482 -0.00107236095799063
-0.00799360906165028 0.0392428991847721 -0.00836471747773836 -0.0061177004272446 0.00388982125720342
-0.0212222629670037 -0.0562529901917744 0.0787502769392355 0.0253724650624832 0.0327897138750391
-0.0182491081879549 -0.057140108764032 0.0813971263024871 0.0310775261566957 0.0319422487970652
-0.0832134034727384 0.0477200179072712 0.0120205232353745 0.0289599706849275 0.0220040252481534
-0.0270713514705243 0.0084401217314615 -0.0238120760386693 -0.0113255057165476 0.00366740750015149
0.140053396981418 -0.0741986208973831 -0.0475999947404935 0.303352283521925 0.221167038760807
0.0192689247694843 0.0109027168242875 0.0324681621038155 0.00341887515455561 -0.00761824514216461
-0.0574788439185011 0.00745747984134135 0.0182286220125464 0.048803465746552 -0.022752376198865
-0.0655108398600468 -0.0157897342966973 0.05193171758806 0.0294524430725389 -0.024212620965543
-0.0688988677446012 -0.0464380608984828 -0.0183146273159512 0.00870581545730528 -0.0095435002456144
0.0328523645886874 -0.076168471035963 -0.0677853499318192 -0.0619694432590609 0.0400360225279929
0.007782151649848 -0.0819701471324772 -0.112249762871024 -0.0676506725279738 0.0200294228842793
0.0560913676563094 -0.0703990679422674 -0.0402974644151773 -0.0572330626908822 0.0639994285049553
0.000981077938750399 -0.0469793039927045 0.0574261569721241 -0.0405309493568407 -0.0348634394114717
-0.0785009772577333 -0.0171941569806292 0.00442894851749481 0.0136377191782302 0.00462575577063362
-0.0746788818911903 -0.0347523985557247 0.00351431664626794 0.00512353650817436 -0.00970706904780766
-0.0723090443424472 0.0401890662872382 0.0207831738061845 0.0311662942136436 0.0361582328676027
-0.00434317874626806 -0.0646871276062555 0.0807464877991137 0.0790877333153078 0.0974308894066131
-0.0270886893467573 0.04708210652941 -0.0102547117481128 0.00352887355762373 0.0297912781171981
-0.0222573955972484 0.0201128061948687 -0.0448414755483028 -0.0190840848401528 0.0273547975333359
0.0350711009349709 -0.00467444936382054 -0.0608107761075802 -0.0537855541328429 0.0216570088594541
0.0491478325036582 -0.020543278537681 -0.0211576031393224 -0.0138354755852352 0.0683219066442495
-0.0322360413959671 -0.047147460680593 -0.0543931809000013 -0.0168275330317676 -0.000633270922815362
0.00208963963751864 -0.0222460267698047 0.116155305645823 -0.0183284703044263 -0.0412287813432196
-0.0646110186233144 -0.0966729878853075 -0.0531188471423871 -0.0123360200223474 0.00733782697265857
-0.0589714713056319 0.0126442493725846 0.0478661469849857 0.0408784991965619 0.00417880404846065
-0.0813095082775745 -0.0970865177809185 -0.0565489322260134 -0.0162547634207912 -0.0124827841307245
-0.0343033063421549 -0.0681987196349772 -0.0287200842538075 -0.0392380316248074 -0.0279994772168566
-0.0632036925398133 -0.097484740434602 -0.0534759001771192 -0.0128551760082485 0.00977198519559698
-0.0713109270952304 0.0359300481421781 0.0399154858826343 0.0254382498597858 0.0142172279346024
-0.0360180352530822 -0.0365821939835836 0.0223251524745519 0.0718470915637801 -0.0783055677941736
-0.0240003207862534 -0.0405116544055286 0.0425961555329455 0.0680369771726767 0.069657124184061
-0.0082518111711042 -0.0135092846572668 0.0134121485673916 0.10092037487864 -0.0626992699405397
-0.0325052259599309 -0.0163856915259227 -0.0579069001371903 -0.0396523165732385 -0.0041041674397986
-0.0101250682804827 -0.0883543938735945 -0.102189635094329 -0.0536613641812357 0.0162021780130535
-0.0693097491797035 -0.0458508812341403 -0.00136616101518156 0.0128598254881086 -0.00210741813357159
-0.0689410667890673 -0.069419135818368 0.0260184333149492 -0.00631447566979111 -0.0278456005844788
-0.0666931335395518 -0.0637997267771882 0.0357744303733344 -0.000885900335019496 -0.0293672040445043
-0.0428627842457261 -0.0697596445869944 -0.0424583995554627 -0.0382661829039593 -0.0211650915284648
-0.0809022255187792 -0.0958048658071957 -0.0536074857442385 -0.0170597781272208 -0.0147379918276487
-0.0745050675216799 -0.0724598065461509 -0.00907503641181464 -0.00848211486353647 -0.0222072377716167
-0.0562572826324311 -0.0494115113085616 0.0810945359483672 0.0049755096708829 -0.0349171145005807
-0.0798935616074383 -0.0957708841331492 -0.0390699068469162 -0.0150815625025161 -0.0163458598230703
-0.0808958400408484 -0.0941662704412764 -0.0508589061367172 -0.0159283840552538 -0.0144290638489349
-0.0709116191838896 -0.0787829272366909 -0.00992660568471127 -0.0123512501542538 -0.0251242770265878
-0.0373689090299016 0.0597356246386557 0.00357075067064459 0.00850962608555467 0.0406511826387014
-0.00750122425947891 -0.067961884948975 0.0772828118770762 0.0733111469543292 0.087737698882513
-0.0519443165061077 -0.00534517411344098 0.0231997432995577 0.0687293889410227 -0.0571989225918991
-0.0566538869555806 -0.0169565677422848 0.0574215243529329 0.020355337477461 -0.00443089871128817
0.0015802576235699 -0.0287434941422193 -0.0301337803610689 0.052600002888291 -0.109523684011876
-0.0138651654998165 -0.0554953971290722 0.0409634177551576 0.0686832557635244 0.091482760363902
-0.0793210497479506 -0.0101037771018103 -0.00957685194314229 0.00996436402767226 0.00549641133055301
-0.0691584840761775 0.0088998202062951 0.0285069522823706 0.0225504432133538 0.0124239905983844
-0.00982657057626701 -0.0756111392102457 -0.0917569376435964 -0.0631682738330131 -0.00679163258070379
-0.0549411399494364 -0.0930725400960328 -0.0249709954018108 -0.00685648581074021 0.0149958692751202
0.0372832022550837 0.0105545185264798 -0.0371190026774852 0.0272215765963326 -0.0995484536816445
-0.0755656319881733 -0.0715481883625328 -0.0218086478505992 -0.00475912413520903 -0.0103229125326085
0.00645349441112366 0.0209975762040253 -0.0286602645601542 -0.0123473559164879 -0.0200353538490755
0.00576870645508627 0.0174989372859588 -0.000403515127282371 -0.00834989125900139 -0.0376703914503549
-0.0226193683914286 0.0951613213659954 -0.0185279398896628 -0.0154959078464019 0.0323900957626162
0.0206916668734019 0.100931950431855 -0.0494673936720458 -0.0592014138501599 0.0271311079495438
-0.0354950000989488 -0.0198187207081748 0.0239566238275001 0.0830790388437428 -0.0895974340349598
-0.077951591869645 0.0417080949958023 0.0209683146868082 0.0320657887649364 0.0282680168436361
-0.0386092775906131 -0.0367024527186361 0.12509290475323 0.00451319588415365 -0.0364282408800833
-0.00592697482975362 -0.059512086477057 0.088761422678349 0.0145671572767536 0.046928040031369
-0.00644182261138621 -0.0663196093184271 0.0810932530733207 0.0759774413874049 0.0888716206416369
-0.0580473448043404 0.0138516010399857 0.0477295148420495 0.0403263571277238 0.00453462113966574
-0.0697067688976719 -0.0218218538245339 0.00664538249358779 0.0112714599434854 -0.00608705068260978
0.000524739248545949 -0.0205803491440561 0.114845212630585 -0.0187185161097878 -0.0441360996283221
-0.0742918006445831 -0.091461680751739 -0.0223277273199467 -0.011147785802598 -0.0199023011394486
-0.0707294552138567 -0.0706218670389823 0.00465543342697424 -0.00391866042300681 -0.0309105784996316
-0.0691696848403366 -0.0748983341286891 0.0065316820123948 -0.0109927694234257 -0.0252791224523822
0.0119351727017045 -0.0150754076956944 0.112153777917668 -0.0321579939742867 -0.0439816581252628
-0.0779285676771392 -0.0928360601667881 -0.049330208141323 -0.0162149639346119 -0.0107001321775204
-0.0227843577388504 -0.0790082226567143 -0.0834176041226539 -0.0419991453355939 0.00561486313370277
-0.0283495622194849 0.0861974095904212 -0.0157548650647113 -0.00591099834536238 0.0316065114379312
-0.00465552657013713 -0.0604295148379412 0.0882951720838921 0.0138263830766574 0.04521943872601
-0.0827492712949915 0.0507778715858812 0.0131993689388674 0.0312866043463131 0.0240568827271764
-0.0548980628355554 0.0205060867865543 0.0287346444987964 0.0301507051467048 0.0122216438628484
-0.0587981448420778 -0.0899330540801164 -0.0488655357734742 -0.00643897163831503 0.00700906509160409
-0.0303902444471765 -0.0442885327782504 0.0720388943878206 0.00173975065687964 -0.0169819281454315
-0.0414710497316824 -0.037145556940784 0.124822389897537 0.00551314958073058 -0.0407124178546921
-0.0764830632510828 0.0454647853285129 0.0141532392268851 0.0326020804258728 0.0226378920972366
-0.0488459156721738 -0.0608774876048773 -0.0371973149649221 0.0228953658076326 0.00228750080479007
-0.0410962364907293 -0.0369769467782975 0.125366738156188 0.00428454021092523 -0.0412942135629553
-0.0852660661742866 0.0527464652455699 0.0143075715244136 0.0282837873425109 0.0255415617123929
-0.0670304349272879 0.0317853689294791 0.0205150143639046 0.0377905823272546 0.0176850138786669
-0.085934662200446 0.055272988863916 0.0148537875990672 0.033538856452703 0.0354316477896034
-0.0781016628206213 0.0398084003260893 0.0105431924827431 0.0335637938617699 0.0239574717467119
-0.058156800850446 -0.0894536883112224 -0.0494945024414115 -0.00468912745497609 0.0112502435464433
-0.0328332080727753 0.0860850240788849 -0.014786871886924 -0.00886938582685173 0.0299689099911269
-0.00473146816057709 -0.0218591887093196 -0.00282396313279769 0.0460017333321473 -0.0651336690960734
-0.0405021159581863 -0.037780098032055 0.126181384808587 0.0042934507989181 -0.0408264645299826
-0.0875848943005906 0.0565077900888862 0.015135055837015 0.0333949831947157 0.0321458889847299
-0.0401669232716448 0.0815872793901479 -0.0105868862111297 -0.00149475251924448 0.028017170170895
-0.030073030203835 -0.0550339078711396 0.0560127138420115 0.0143152710145956 0.0246615045833367
-0.00405745155503383 -0.0456975003642779 0.0950387874093363 0.0158594955284596 0.0224015901873892
-0.0419254941371985 0.0352427690570479 -0.0319570619802238 -0.00976163717131305 0.0141772374839615
-0.0578701243090057 -0.0842060679312644 -0.0394415687325979 0.00314820404073867 0.00765388843866979
-0.0668588437860295 0.0312572299734577 0.0207004165881441 0.0395705909633855 0.0163428809269691
-0.0795479593974312 0.0403054701976005 0.0110268861868417 0.0380325826074795 0.0114514055739828
-0.0682508122277809 -0.0382505863564856 0.000631597586513485 0.0131415290050433 -0.00730731602032483
-0.0792740360120104 -0.0216522751041273 -0.0146359126822649 0.00845805314485895 0.00471102765180471
0.0593405480758433 0.0611927440430013 -0.0479040286721501 0.0260658660286263 -0.0472009723037612
-0.0796469114900671 0.0214994362588043 0.0135593281396404 0.0310989484211195 0.0118737728517205
0.00731695763727111 0.0964854994876453 -0.0356118720607628 -0.0215140959239534 0.0328418117594577
0.0258271225480949 0.115871612050642 -0.0322434835845239 -0.0435922835529155 0.0423140771673888
-0.0768788632452502 -0.0381615745950673 -0.0266905042627995 0.0128880799987038 0.000147952669547103
-0.0770767561141062 0.0256847744782307 0.0180309234120795 0.0213939159311108 0.0102635464087808
-0.018699497029014 -0.0792639560723388 -0.093518658341464 -0.0635123618352482 -0.0138851935504694
-0.0317436111623235 -0.0815288037313682 -0.0708599745959654 -0.0364921491349287 -0.00696549551866494
-0.0446926469584206 0.0651085627942135 0.00495082912050958 0.00785955185334579 0.0342376215905157
-0.00212408351174477 -0.0172512869795377 -0.0330953062515452 -0.0501522682174702 -0.00993553934123453
-0.00116856776541826 0.0429503278156237 0.02404981553258 0.00204948101797872 0.00577158201611396
0.104070117035833 0.037243832723776 0.0332153906510712 -0.0482485853724901 -0.00665465324513352
-0.0790201002589159 0.0242390534572892 0.0170138349954842 0.0310107310107431 0.0111551870923713
-0.066466922279477 -0.00648549736178102 0.0158095573578366 0.0147124563128196 0.00494435415275563
-0.0297614460553802 0.0580795973865011 0.00371216534828341 -0.00765756426121129 0.0195635723077981
-0.0112401670729209 0.059482607519385 -0.00104729847033677 -0.00295861271954107 0.0150985291516239
0.047355733738676 -0.0170093147530419 0.0922429860209949 -0.0439318166343944 -0.019495004328952
0.0359193937459717 0.0303101119765169 -0.0171943802821175 -0.0113116180166809 0.000151894095573602
-0.0130816420695051 0.0675797252599038 -0.0264368633161101 -0.0228368907657584 0.021574324773739
-0.0418662474700614 0.0739544688501914 -0.00927041249124579 -0.0020032389636522 0.0285978628834831
0.0672432009370011 0.0159389802634363 0.056790733792499 -0.0490392325115217 -0.0267436675555722
0.208103433512366 -0.0278571160688362 -0.0958195165685209 0.225787480520429 0.200689021596179
0.0762454131906236 0.0204150434478765 -0.0401883445003144 0.0723800158884534 -0.102488500990649
-0.0403094604956135 -0.0525901630203909 -0.0317760793673975 0.0300259809645719 0.00127618664140284
0.0398971913227418 -0.0198409403321231 0.0952895975133327 -0.0179372085689973 -0.00427670489834178
-0.0495486668985377 0.0149946958957928 0.0177455903026697 0.035280535836209 0.00846691000413306
-0.0245708315323181 0.0631555184473844 -0.0109097375353312 -0.00808385724261406 0.0180577244739745
-0.0349940800702268 -0.00326327138953998 0.045154308973434 0.0284390886496154 0.00238366616532832
-0.0543168296666709 0.00886503462839348 0.0157445345290393 0.0282289533501993 -0.00039651962442125
-0.0157052640284884 -0.0461315700927416 0.0984232744117777 0.00646522350774898 -0.00708129709798065
-0.0166160375984797 -0.0460645098506768 0.101041071211346 -0.0019154545816919 -0.00707326131436417
-0.045934854236103 0.00733098868944193 0.0308431054774151 0.0524052551696776 0.0119310803773472
0.0565910235262579 -0.0158244386700135 0.0838071288267395 -0.0563504777232714 -0.0158438239248979
0.0649732303741631 -0.0131280544472883 0.0663861417449163 -0.0657662244361185 -0.0233590881887154
0.0551787620157419 0.00465632134967605 -0.0279919230275968 0.0672766639179045 -0.13405740819142
0.12922024708336 0.0434752028250658 -0.0687008856478852 0.0464932493607651 -0.144680400573929
0.0518792734611252 0.0190151112070929 -0.0147271290841256 0.0826015372941079 -0.153095838295917
0.04914128697696 0.00873280659430342 -0.020325781679684 0.0882326970583508 -0.164830109181681
0.0504634247987894 -0.0389272450848337 0.0988952920665895 -0.0536898959050725 0.0182946396989677
0.00684438149885302 0.0472952862323991 -0.0173669037794761 -0.0179420421069964 7.00069129363041e-05
0.105705560712696 -0.0121187316541507 0.0858757905201239 -0.0989975227733148 0.0240595779122387
0.0475523847495113 -0.0338607515073315 0.0976831117430058 -0.0484980994938592 0.0119830116675964
-0.0105688378496111 0.0380763023427983 0.0189640398569704 0.0107517304889079 0.0100091929260372
0.0254197373186904 0.0156630098035629 -0.0408350768574053 -0.00843169479345298 -0.0112288559024623
0.0505109343148212 -0.0360314572328446 0.0693746311939733 -0.020362998577559 0.0417516091102078
0.0506721851805954 -0.0509084495179714 0.0352655306477537 -0.0512704055479906 0.0318338692244793
-0.0155540899374165 0.0309000181408523 -0.0198722852936867 -0.0251620599729567 0.0095516941642604
-0.0181042160884216 0.0411287841828796 0.0210826632400313 0.000515037695353367 0.0147646959051633
0.0740893644337232 -0.0307367737268166 0.0622087797617447 -0.0669126358825367 0.0245594552051746
0.0112507834559711 0.0125882596845719 -0.00960721338208246 0.00287541562621783 0.000719209145082995
0.056689334001209 -0.0264951121917193 0.0544226555070576 0.0111652744997122 0.0283996953627253
0.00457277680433874 -0.0171219814073368 -0.0432764179071995 0.00507645478138843 -0.0162852594109961
0.063987092939359 -0.0201128215516733 0.0307587218468541 -0.061747909982143 -0.00873121113229919
0.0253697708881754 -0.0356464137843516 0.0410822127909786 -0.0209482994089276 -0.00605630640039653
0.00751623947292745 -0.00282766944304121 0.0295063905763352 -0.0208404762986631 -0.0223812225695533
0.125687568787079 -0.0679977260550536 -0.0535131289963135 0.275435845572143 0.203420310271084
0.0683660499680128 0.0316613155175306 -0.0532493611229064 0.0398395510962989 0.00983622153289256
-0.0524396654679521 0.0683033396554689 0.00465276866448998 0.0149458742983355 0.0297221978873028
-0.0180430395150941 0.0601377559195515 -0.0105904905060437 -0.00326765945204495 0.011068737713599
0.0366964340711623 -0.00478678952103233 -0.0323792697926416 0.0725056144655032 -0.150844930091189
-0.0388617224603319 0.0263247574093219 0.00332962925941409 -0.00100259690143371 0.00701129239830915
0.0339306082942766 0.0487608180988312 -0.0241889847272891 -0.00214198153582779 -0.0294884528106201
-0.0235408893828659 -0.0193511723550667 0.0137384397344957 0.100782430632545 -0.124187680540366
-0.0218203313064901 -0.0326042113392671 0.110640757362108 0.00718571981328695 -0.00733993705476288
-0.0685698846696308 0.0221770967596046 0.0255721997782236 0.0216158339230212 0.0106233946377688
-0.0191043945399952 -0.0584239327524698 0.102078753328552 -0.00236311480246593 0.00944762983791433
