1 1.915682328
1 -2.365519951
1 2.490460443
1 -1.095568211
1 1.155534938
1 3.090576803
1 -2.143771455
1 -1.013395668
1 -1.635672936
1 -1.622337017
1 -3.215979353
1 -1.863717153
1 -0.815513909
1 -1.738359513
1 2.151156887
1 0.762998698
1 0.919489169
1 -0.966209796
1 1.127165642
1 -0.862189626
1 1.272226152
1 0.20201672
1 -2.297134525
1 0.578334894
1 1.13392339
1 1.15020057
1 -0.442108174
1 -1.528985583
1 1.348905765
1 1.467595445
1 1.008839827
1 1.722324678
1 1.694306071
1 -2.564240019
1 -0.282077144
1 0.671485983
1 -1.027555024
1 0.357246925
1 1.244977
1 0.248692437
1 1.080853791
1 1.499601651
1 2.424005174
1 -1.30779579
1 -0.175389791
1 2.062377439
1 -0.619475898
1 1.210958522
1 0.960830519
1 1.552945328
1 0.259361172
1 0.113999654
1 0.758775389
1 0.66877389
1 -1.219592259
1 -0.10470942
1 -0.83018342
1 -1.846380458
1 -2.94926097
1 -2.366197679
1 -1.016886288
1 0.238023702
1 -3.697406033
1 2.39378656
1 -4.452219056
1 -0.610755812
1 2.199659599
1 -0.088082844
1 -0.62747745
1 0.11133247
1 -0.087372725
1 0.029983363
1 -0.499452626
1 -0.589923192
1 -0.097098213
1 -0.310082574
1 -0.938204365
1 1.014174195
1 1.1288631
1 0.109998878
1 -1.400960759
1 -0.024693905
1 -0.026027497
1 0.316705625
1 -2.077133464
1 0.674108257
1 0.560838848
1 1.158202122
1 -0.392765273
1 1.856821885
1 -0.611474347
1 -0.143383585
1 -0.028694681
1 2.274418553
1 0.840915764
1 2.59167284
1 0.138004308
1 0.875480636
1 -1.248931281
1 2.297089615
1 -1.707686899
1 0.770489393
1 -1.146018301
1 -0.27940996
1 2.199035604
1 0.419503551
1 0.43944099
1 -2.170443293
1 -0.147572511
1 2.514465097
1 0.666609919
1 1.736981012
1 0.227354966
1 0.198015944
1 -0.863523218
1 0.611429437
1 -2.522199358
1 -1.222259443
1 -2.83916845
1 -2.833238474
1 -2.730729641
1 -0.710160148
1 -0.864896732
1 -1.365998937
1 -0.734019464
1 1.330235478
1 0.075838949
1 0.088749176
1 -4.234843574
1 -2.107029239
1 -0.922201262
1 -2.015746631
1 0.974166438
1 -1.763697759
1 -0.587190081
1 1.01198992
1 -4.0603442
1 -1.260974019
1 1.873007387
1 -0.812846726
1 2.181067119
1 3.47865205
1 0.204683904
1 0.399388323
1 1.744557378
1 2.69049923
1 0.304703297
1 0.41139065
1 3.011650011
1 -1.707686899
1 3.621877023
1 -0.714160924
1 2.29308884
1 0.823470552
1 3.552980543
1 0.679442625
1 -0.851520891
1 -4.295989778
1 .0984188
1 -1.374355216
1 0.021852594
1 -0.571466589
1 -0.70270517
1 -1.354114659
1 1.27555821
1 -0.202061629
1 -0.908865343
1 1.162202897
1 0.331375136
1 -1.043137162
1 -0.880859913
1 0.191392894
1 -0.948873101
1 -3.485364919
1 -0.878192729
1 0.171344106
1 -0.71149374
1 1.170540934
1 -1.010218329
1 2.004030686
1 1.210212206
1 -2.329140731
1 1.404916626
1 0.874147044
1 1.492933692
1 0.6341005
1 2.151773006
1 -0.452776909
1 -2.45449837
1 0.215352639
1 -1.04977229
1 1.047513993
1 0.845772321
1 1.587618718
1 -0.485940902
1 -0.514122137
1 1.648963946
1 -1.516983256
1 1.33156907
1 -2.400856668
1 -1.594593673
1 -1.152912663
1 -0.828849829
1 1.860501985
1 0.635434092
1 0.160675371
1 .548750617
1 -0.979791483
1 -0.34208878
1 1.01484825
1 0.210018272
1 0.992836724
1 0.720783974
1 0.726156872
1 -0.915533303
1 -2.430762966
1 -0.316750534
1 0.671357354
1 -0.30389033
1 -1.023554248
1 -0.055366519
1 -0.262728092
1 -0.616724728
1 1.910347961
1 0.560504817
1 -1.055232502
1 -0.716594612
1 1.495600876
1 0.550084209
1 1.841728385
1 -1.580357878
1 -0.884860689
1 -2.814568187
1 -1.170258042
1 0.504742084
1 0.20447926
1 0.968925565
1 5.80048048
1 -1.161336415
1 -2.646535606
1 -1.733913893
1 -1.47830909
1 -0.339814599
1 -0.101056071
1 0.494073349
1 0.101997327
1 0.419392202
1 1.814374984
1 2.719838252
1 -0.010024394
1 0.738120669
1 -2.536002064
1 1.377757274
1 -0.244736571
1 -0.426105071
1 1.086188158
1 1.24088482
1 0.931491496
1 0.155431126
1 1.82343446
1 0.367382117
1 0.406056283
1 1.603621821
1 2.197070222
1 1.67963656
1 -1.390292024
1 -5.376237712
1 0.935213969
1 1.448925159
1 1.767653626
1 -0.281448954
1 -0.359425475
1 1.383579155
1 2.442451134
1 0.632766908
1 -1.073281806
1 -0.048192847
1 0.427393753
1 0.688383896
1 2.533135384
1 -0.268373038
1 1.542276593
1 0.757429966
1 0.464734327
1 -0.239402203
1 -3.626310723
1 0.067840542
1 0.888816555
1 0.550783969
1 0.005857592
1 1.158202122
1 -0.612100285
1 0.17392891
1 0.522078779
1 2.779849888
1 0.874147044
1 -1.039486015
1 2.666494575
1 1.462261078
1 1.510270387
1 -0.896863016
1 -0.508995554
1 .071712582
1 1.662299865
1 0.660772338
1 2.28642088
1 1.110192813
1 1.687775187
1 3.268648903
1 0.368272651
1 -1.356357335
1 0.280044148
1 1.023035242
1 .310087622
1 1.767291256
1 -0.204728813
1 2.53713616
1 2.329095821
1 0.766417432
1 1.015507787
1 1.790324688
1 0.526685763
1 0.568754496
1 0.499641257
1 .603427886
1 0.430668212
1 1.384912747
1 1.482264957
1 1.286226945
1 -0.106043012
1 0.144672268
1 -0.234067835
1 0.779176667
1 -0.283410736
1 -1.146757097
1 2.039706376
1 0.349753568
1 0.112666062
1 1.186207552
1 -0.197083872
1 0.90615325
1 0.700780096
1 0.115333246
1 -0.778173336
1 -5.189962342
1 0.816802592
1 3.553727398
1 -2.06375594
1 0.188680801
1 -0.487450299
1 1.78503523
1 -0.393901404
1 1.551048444
1 -1.083565884
1 -1.160914215
1 0.803756977
1 -2.12643476
1 0.554084985
1 -1.356952226
1 -0.656816472
1 1.037451015
1 0.420315511
1 0.203350312
1 3.613344833
1 1.35129272
1 -1.60092793
1 0.179345658
1 0.343377463
1 -1.918394421
1 0.943493824
1 0.547417026
1 -1.458305211
1 -3.262208689
1 -3.955862157
1 2.409111336
1 -1.560991789
1 -6.003186451
1 -0.148717953
1 -0.243402979
1 -0.150051545
1 1.803747461
1 -1.515306313
1 0.746122221
1 1.690326671
1 -0.312749758
1 3.15058844
1 -0.534126016
1 1.311565192
1 2.766513969
