1 18.344769
1 88.605092
1 53.1886399
1 -30.629333
1 -33.35903
1 50.2983649
1 72.0655912
1 16.355945
1 -44.11728
1 -14.572250
1 -34.32246
1 -60.495507
1 -35.125316
1 -31.753329
1 -18.29540
1 -50.379545
1 0.84254933
1 -47.48927
1 -18.42595
1 -68.20290
1 -3.2868632
1 -9.273412
1 -52.94867
1 -23.08250
1 -48.40558
1 -39.300158
1 -45.241278
1 -10.236837
1 10.1556574
1 -43.956712
1 -44.277853
1 -40.584724
1 -41.06643
1 -34.001320
1 -40.10301
1 -36.570454
1 -57.28409
1 -31.61143
1 -17.91462
1 -34.96474
1 -23.885358
1 16.417919
1 -19.34955
1 -37.373308
1 -2.850579
1 -42.511574
1 -7.8282754
1 -36.87021
1 -0.4420173
1 2.4482576
1 -14.411679
1 -53.91210
1 -23.424461
1 -34.804174
1 -21.31622
1 -15.696246
1 -12.645400
1 -23.88535
1 -30.78990
1 -12.94538
1 -15.21453
1 6.1413867
1 -18.425950
1 31.0532790
1 40.503544
1 -23.58326
1 -23.45260
1 31.927978
1 31.351007
1 -12.48482
1 -27.578487
1 -36.57045
1 -25.49106
1 -41.205013
1 -41.38757
1 -5.901425
1 -34.96474
1 -43.153858
1 -0.1208756
1 -22.761362
1 -16.980812
1 23.8853584
1 -34.161891
1 -19.389375
1 -38.98107 
1 -9.594554
1 -48.45269
1 -30.14762
1 -33.35903
1 -26.58446
1 -18.265379
1 -1.887154
1 -33.359037
1 -4.4562880
1 7.74709502
1 -38.015591
1 -35.767599
1 -2.529438
1 -41.869291
1 -45.883562
1 -48.131553
1 15.668117
1 -5.064937
1 6.14138672
1 -5.9855940
1 -24.07789
1 -37.69444
1 -3.814004
1 -24.36707
1 -20.192229
1 -23.751176
1 -47.00755
1 4.8568200
1 -35.767599
1 -17.301954
1 -39.300158
1 -16.636325
1 -34.32246
1 -14.893392
1 43.5543901
1 5.2889579
1 -29.344766
1 -31.66654
1 14.6498089
1 -32.823204
1 -2.2082964
1 -3.013691
1 24.191528
1 34.7229944
1 7.4544591
1 -18.265379
1 -29.023625
1 -23.724787
1 25.9727792
1 -29.03607
1 -36.406881
1 56.0789148
1 13.523971
1 -13.448254
1 4.93800054
1 -2.8505797
1 17.7836669
1 -15.214533
1 5.01739091
1 55.4366315
1 -1.887154
1 -25.312110
1 -23.885358
1 13.6882157
1 171.850483
1 112.450362
1 -32.71675
1 -25.49106
1 -30.30819
1 14.9349756
1 -8.631129
1 10.476799
1 19.9653863
1 14.275521
1 -2.166240
1 -36.96753
1 24.1253196
1 30.5511122
1 -48.64164
1 -37.69444
1 -7.6677046
1 -36.40988
1 -7.6677046
1 -38.015591
1 -17.923691
1 -34.804174
1 -31.91389
1 -10.397408
1 19.7899072
1 -46.04413
1 -12.64540
1 -33.037895
1 26.694452
1 3.89339510
1 16.3045451
1 -28.06020
1 -20.35280
1 -20.834512
1 -15.535675
1 51.5829316
1 -0.442017
1 41.134542
1 -20.99508
1 -25.491066
1 -37.53387
1 -9.112842
1 -51.182399
1 -32.26292
1 -17.783666
1 -20.647052
1 3.5722534
1 -15.37510
1 -38.336733
1 -18.26537
1 -12.61639
1 -26.35456
1 -12.00311
1 -3.4928630
1 7.8923477
1 -4.777429
1 -38.33673
1 -36.40988
1 -36.24931
1 -37.05216
1 -26.531584
1 -16.499100
1 -16.33852
1 -35.28588
1 -26.98046
1 -15.21453
1 -20.96755
1 -11.84254
1 -18.26537
1 40.824686
1 -30.78990
1 -0.602588
1 116.453547
1 87.0690850
1 49.3349400
1 -16.162375
1 204.919255
1 -16.481797
1 -32.716754
1 -31.432187
1 -32.074470
1 102.323102
1 104.892447
1 71.493714
1 -45.92780
1 -25.330495
1 -32.32102
1 76.7896954
1 150.65513
1 147.205767
1 160.092653
1 48.2659582
1 111.79699
1 47.4080900
1 -26.17122
1 49.495510
1 56.400056
1 34.722994
1 -40.40112
1 27.336736
1 -53.109249
1 -25.330495
1 97.0244765
1 136.56188
1 -42.19043
1 149.049425
1 5.80018959
1 -26.454491
1 -21.63736
1 -14.78684
1 -16.177958
1 -19.87108
1 -36.57045
1 -11.03969
1 -14.09053
1 -30.789904
1 46.4446650
1 56.2394857
1 -15.856816
1 -29.344766
1 -36.891595
1 79.416242
1 -22.76136
1 -20.995083
1 -30.14762
1 12.885361
1 -26.45449
1 -32.97498
1 -18.425950
1 -31.484940
1 2.19846973
1 -33.740208
1 -26.293920
1 .793300842
1 7.10481170
1 59.772043
1 69.2835990
1 30.067139
1 -22.761362
1 21.5561864
1 -28.77597
1 -29.98705
1 -18.83877
1 -39.74402
1 -24.04592
1 39.379548
1 27.4973071
1 23.973279
1 -2.8505797
1 16.2723237
1 119.98610
1 -26.293920
1 -20.99508
1 -6.061996
1 144.553442
1 5.82024506
1 11.2796532
1 89.477647
1 51.3617513
1 32.4750028
1 140.699742
1 164.143083
1 -20.089004
1 -16.338529
1 44.8398758
1 -3.7994118
1 3.0905409
1 116.614117
1 -8.3099879
1 29.4241570
1 88.514222
1 -3.4928630
1 -48.33349
1 -37.694449
1 208.703746
1 -29.02362
1 -11.086953
1 11.1190824
1 -28.38134
1 8.38937834
1 -10.87912
1 5.25914220
1 -1.5660131
1 -26.830576
1 47.729231
1 175.589450
1 -28.060200
1 -38.657874
1 -31.073271
1 -2.5294380
1 -6.7809920
1 156.11454
1 -16.338529
1 -45.562420
1 -16.01738
1 -20.06493
1 41.386284
1 11.119082
1 11.6490651
1 23.804178
1 -25.16992
1 27.657877
1 -22.51969
1 -49.576691
1 1.6454034
1 27.497307
1 -30.878743
1 32.8773249
1 5.9808158
1 9.19223249
1 5.1779617
1 11.833500
1 3.54318152
1 50.780077
1 29.7452987
1 -52.978174
1 50.780077
1 5.4991034
1 3.4116826
1 -10.07626
1 -55.196670
1 17.220774 
1 -29.02362
1 -39.38367
1 -41.86929
1 8.54994917
1 -23.08250
1 -15.85681
1 -30.147620
1 12.082507
1 -23.56421
1 -31.469233
1 -11.224635
1 -5.7408546
1 -58.81246
1 9.6739449
1 -12.16368
1 -23.56421
1 -7.346562
1 0.78007748
