1 -0.824984178
1 -0.30748135 
1 -0.868898273
1 1.138603213 
1 -0.139924296
1 -1.390848659
1 -0.585338688
1 0.791074926 
1 1.525047249 
1 0.371988583 
1 1.799824015 
1 1.090925053 
1 -0.308052545
1 -0.269157204
1 -1.25423768 
1 -0.193610217
1 -0.619215276
1 0.644255972 
1 -0.388615527
1 0.663076299 
1 -0.098549909
1 0.304235408 
1 0.402101105 
1 -0.769277498
1 -0.146015389
1 0.144889978 
1 1.201337634 
1 0.679387248 
1 -1.523845633
1 -0.56777305 
1 -0.032021091
1 -0.1139706
1 0.072118049 
1 0.463045111 
1 -0.109811774
1 0.9014671
1 -0.422229192
1 -0.906140259
1 1.121696898 
1 0.112268078 
1 -0.177564949
1 -0.133650854
1 -0.741909107
1 0.924734001 
1 1.182517308 
1 -0.619215276
1 0.698207575 
1 0.148283204 
1 -0.346947887
1 -1.062120291
1 -0.572791804
1 0.304235408 
1 0.235627542 
1 -0.409682308
1 -1.244050113
1 0.255302559 
1 -0.21646029 
1 0.202605645 
1 1.038228139 
1 0.029118834 
1 -1.010678065
1 1.722033332 
1 1.792295884 
1 0.77066042
1 1.074614103 
1 -0.440364166
1 -1.026387442
1 -0.253265737
1 -0.294250973
1 0.839987367 
1 1.321787724 
1 0.138616535 
1 -0.195130587
1 1.580136988 
1 -0.249045209
1 -0.363258836
1 0.404610482 
1 -1.474912784
1 -0.752212249
1 -0.019474207
1 0.114777455 
1 0.296707277 
1 -0.443558896
1 -0.940415513
1 0.381703202 
1 0.508749622 
1 0.403467406 
1 -0.787343525
1 -0.266647827
1 -1.158280348
1 0.016911758 
1 0.931579622 
1 0.459816773 
1 -0.484963614
1 -0.17820757 
1 -0.611242676
1 0.594068435 
1 -0.023238272
1 -0.009436699
1 -1.231503229
1 1.601583243 
1 0.670401448 
1 0.652383152 
1 -0.592866819
1 -0.709958892
1 -0.328377127
1 0.76596075
1 1.587781671 
1 0.822114063 
1 -1.37453771 
1 -0.611793021
1 -0.646818421
1 -0.976801478
1 -0.684459074
1 0.305490096 
1 0.311763539 
1 1.133663469 
1 0.011893004 
1 0.602595984 
1 0.419666743 
1 1.475756946 
1 1.218903272 
1 1.130434279 
1 0.490263548 
1 0.601768317 
1 -0.153725869
1 -0.197312536
1 -0.847699729
1 0.532588702 
1 1.277925004 
1 0.753413865 
1 0.619162204 
1 0.003110185 
1 -0.171291507
1 0.398201034 
1 0.220281783 
1 0.700038365 
1 -0.155596151
1 -0.226497797
1 1.501208169 
1 -0.699515335
1 -1.474912784
1 -0.451087026
1 -0.377060409
1 -1.237409666
1 -1.589089431
1 0.530079325 
1 0.314272915 
1 -1.706284236
1 -0.353221329
1 -2.106119758
1 0.359441699 
1 -0.740920053
1 0.609124696 
1 -1.290927313
1 -0.464888599
1 0.133597782 
1 1.048678577 
1 1.3011744
1 0.242357482 
1 0.585829261 
1 0.985531225 
1 -0.469684589
1 0.686796233 
1 -0.083463316
1 0.551409028 
1 0.939107753 
1 0.203860334 
1 0.152418108 
1 1.196255584 
1 -0.23277124 
1 0.96545621
1 0.216407218 
1 0.826185794 
1 -0.393371358
1 0.530079325 
1 -0.565263673
1 -1.159684352
1 0.806110779 
1 -0.723433028
1 -0.057114859
1 0.265340067 
1 -0.574046492
1 -0.354476017
1 -0.643054356
1 -0.109811774
1 0.06333523
1 -0.04080391 
1 1.607856685 
1 0.546390275 
1 -0.744486296
1 -1.000640558
1 -0.364579615
1 -0.899010795
1 1.161312347 
1 -0.601649638
1 -0.619215276
1 0.624180957 
1 -0.082208628
1 0.089302918 
1 -0.348412532
1 0.892684281 
1 1.222667338 
1 -0.70155306 
1 -0.187602456
1 0.168729058 
1 0.51000431
1 0.527929515 
1 1.220157961 
1 -0.343934865
1 -0.565263673
1 -0.651837175
1 -1.354462695
1 -0.389273702
1 0.826185794 
1 1.189299859 
1 0.482401165 
1 0.43471027
1 -0.105803565
1 0.379516714 
1 0.005619562 
1 0.002009192 
1 0.771048247 
1 -0.955471774
1 -0.32012782 
1 1.518531946 
1 0.224686926 
1 -0.488727679
1 -0.592866819
1 -1.182448176
1 -0.177121491
1 -0.802399786
1 0.545135586 
1 1.140326075 
1 -0.11232115 
1 0.353468828 
1 -0.595314755
1 0.56646529
1 -0.653213435
1 -0.072171121
1 -0.109528823
1 0.447269889 
1 0.809461399 
1 -0.221060317
1 -0.35196664 
1 0.251538494 
1 -0.042058598
1 -0.662769344
1 -1.434762754
1 0.014402381 
1 -0.841295127
1 -0.460345293
1 0.90119778
1 0.252793182 
1 -0.600394949
1 -0.067152367
1 -0.045822664
1 -0.008182011
1 0.961377604 
1 -0.705400595
1 0.166219681 
1 0.077136802 
1 -0.04833204 
1 -0.635526225
1 -0.298015038
1 -0.11232115 
1 0.881938497 
1 -0.54054257 
1 0.247774429 
1 -1.215192279
1 -0.072624492
1 0.191313449 
1 -0.49625581 
1 -0.725863792
1 -2.226471153
1 1.054464742 
1 0.164796067 
1 -0.097264889
1 -0.040766679
1 -1.300511092
1 0.412094251 
1 -0.921595187
1 -0.572304125
1 0.284160393 
1 -0.794871656
1 0.546608562 
1 0.334873973 
1 -0.680695009
1 -0.479846328
1 0.855025512 
1 -0.143688361
1 1.080424073 
1 0.495409438 
1 0.669349741 
1 -1.240286048
1 -0.550207412
1 -0.370136392
1 -1.257851686
1 -0.149961803
1 -0.436030765
1 -0.622979341
1 0.764427532 
1 -0.5514621
1 -1.14242035 
1 0.442251135 
1 -0.846313881
1 -0.281704088
1 -1.263110653
1 -2.15044126 
1 -1.179162456
1 -0.070654003
1 0.306503818 
1 0.236674672 
1 -1.5076317
1 -1.128696041
1 0.328074488 
1 -1.082195306
1 -0.811182605
1 0.564474135 
1 -0.159999311
1 -1.390848659
1 -0.223140514
1 0.245265052 
1 0.073228369 
1 0.37449796
1 -0.041544831
1 -0.63176216 
1 -0.096010201
1 -0.306797857
1 0.399591729 
1 0.143635289 
1 -0.377060409
1 -0.648188398
1 0.540116833 
1 1.045494557 
1 -0.267902516
1 0.473464107 
1 0.743376358 
1 -1.085959371
1 0.391561837 
1 -1.351953318
1 -0.029511714
1 1.025681254 
1 1.068340661 
1 3.438080822 
1 -0.083463316
1 -1.376934041
1 0.543880898 
1 0.211388464 
1 -0.265393139
1 0.85378894
1 0.194876158 
1 0.071232648 
1 0.772234192 
1 -0.020728895
1 0.001878116 
1 0.579012174 
1 -0.092246136
1 -0.222733732
1 0.197586892 
1 0.337363954 
1 0.580473661 
1 -0.348202575
1 -0.914067056
1 0.411322975 
1 1.122396438 
1 -0.133650854
1 -0.940415513
1 -0.35196664 
1 -1.393358036
1 -0.515076136
1 1.195064192 
1 0.937781963 
1 1.099690068 
1 -1.190098511
1 1.034464073 
1 2.008102294 
1 0.663076299 
1 1.919019416 
1 -0.255355631
1 0.089302918 
1 0.332441195 
1 0.556427782 
1 -0.44886196 
1 -0.094755512
1 -1.569014416
1 0.748395112 
1 -1.786075514
1 -1.426607279
