1 3.193147238
1 -5.884033584
1 6.544865969
1 -7.709419129
1 -5.226988633
1 1.434151247
1 -4.564812696
1 6.527758086
1 -0.494035073
1 7.349978562
1 -3.510290223
1 7.466661547
1 -0.694746503
1 -2.190313961
1 0.957657186
1 -3.222933007
1 12.33670811
1 7.279968772
1 -5.483691199
1 -0.725942505
1 8.562023064
1 7.856091008
1 -0.848459638
1 7.760761276
1 -1.688532704
1 -0.686561997
1 7.828378799
1 -1.395411128
1 0.301633973
1 -0.607800983
1 -4.798178665
1 -3.383778211
1 -2.982299718
1 -6.320891613
1 -1.21017689
1 0.303784834
1 -1.564601456
1 1.61954123
1 -9.194210107
1 -0.527581431
1 -6.229003763
1 -3.812207446
1 -8.375505987
1 -4.078957805
1 -5.15260323
1 -6.07877442
1 3.198981388
1 -5.583580427
1 -1.808177186
1 3.429430282
1 9.384638105
1 5.922070539
1 11.35043506
1 5.415958094
1 1.792951424
1 -6.472579493
1 -3.400899925
1 3.72843043
1 4.422694188
1 7.151062801
1 -3.721778133
1 -5.355339916
1 -4.128710041
1 -9.33973952
1 -6.266925733
1 -9.116383547
1 1.254948846
1 1.826141677
1 -4.621695651
1 -2.449933601
1 -5.321793558
1 1.550834231
1 1.143902322
1 -4.624662225
1 -2.321880413
1 -7.524184891
1 -2.308455482
1 -2.159684677
1 -0.78282546
1 1.317468262
1 -1.767338142
1 -0.692396147
1 3.508191297
1 1.342263396
1 2.030587577
1 -0.826581579
1 -1.464501524
1 1.807536797
1 7.961105694
1 11.18875904
1 1.192034054
1 -1.808177186
1 2.606815241
1 1.899424647
1 -2.130513931
1 -1.383219703
1 -4.608568815
1 -2.778104495
1 -4.500637054
1 -0.965142623
1 -3.927431893
1 3.301859186
1 4.126300496
1 12.9127834
1 3.419270365
1 9.383853447
1 1.31309265
1 -3.702817148
1 -5.195416606
1 -5.725808392
1 2.708890474
1 2.669532345
1 -1.745460082
1 -0.505703371
1 -4.987824258
1 4.171825771
1 -6.733254582
1 -4.153505175
1 -5.890623108
1 -6.020432928
1 -2.96887262
1 0.144804267
1 -5.413570814
1 -1.63737993
1 -0.774430669
1 -0.02438606
1 1.219869352
1 -3.050218635
1 -5.04467147
1 3.8196815
1 3.399573856
1 -4.471466308
1 3.362337566
1 -3.612387835
1 -1.262684234
1 -5.648090572
1 -11.73062476
1 2.136550051
1 -2.762060585
1 -1.235033378
1 2.39095172
1 -2.371172587
1 -4.746107658
1 -0.839708415
1 0.287793126
1 -0.634054654
1 0.814272891
1 0.970336383
1 0.239609192
1 -6.315057464
1 -3.139682569
1 -6.105028092
1 -4.494802905
1 3.410469297
1 1.405898803
1 2.851849509
1 -6.926184595
1 -6.071027375
1 -8.305947794
1 -1.803206318
1 -0.172453748
1 -6.711779611
1 -8.322007286
1 -8.161801688
1 0.283365312
1 3.166893567
1 -0.195034925
1 12.16898582
1 -1.347279397
1 2.092304396
1 3.092508164
1 -0.548000953
1 -0.359849641
1 -7.900487516
1 -5.183232514
1 -4.577939532
1 1.041804711
1 -2.520336497
1 3.14355697
1 4.264883806
1 -0.111898299
1 0.134594506
1 1.126399875
1 6.378592716
1 1.803161185
1 -3.803456222
1 -5.734559616
1 -4.302275981
1 -1.214600048
1 -1.17808907
1 -3.804244579
1 1.022843726
1 -0.508990383
1 4.289967293
1 1.401474651
1 -2.398884795
1 -7.570858085
1 -0.459225632
1 -0.819288892
1 -4.114575871
1 -0.658056978
1 -7.197472534
1 -6.250881822
1 -6.016672464
1 -1.550423774
1 -1.910274798
1 -1.560225844
1 -2.258865214
1 3.738640191
1 0.706542265
1 9.769691954
1 -1.806718649
1 -1.525220949
1 8.262078166
1 2.242180914
1 -3.05491107
1 11.0575804
1 6.053615188
1 2.462294652
1 -0.454654566
1 4.658977232
1 -2.604978035
1 -4.798178665
1 8.766218287
1 -2.461209925
1 -11.23778288
1 21.40945241
1 1.703980648
1 -2.226777393
1 -1.699659528
1 -5.690725583
1 -4.541476099
1 -2.500982407
1 1.654462932
1 -3.451948731
1 1.269472115
1 3.026894261
1 -7.365204325
1 -7.27633275
1 -3.699900073
1 -3.064446004
1 -2.492231183
1 -0.702771758
1 1.454802823
1 -1.183923219
1 9.282540494
1 1.361224381
1 3.843509725
1 -2.353670139
1 1.438526858
1 -0.256293492
1 -3.046996051
1 2.113756451
1 0.5604874
1 -3.014387539
1 0.234849634
1 3.117303298
1 -1.669616142
1 1.07433694
1 0.111257909
1 5.169465289
1 3.022498373
1 3.156683806
1 1.648556231
1 8.706418258
1 -4.694622516
1 -6.364647732
1 6.382454078
1 0.926580264
1 -1.493133128
1 -6.769019501
1 -1.106620742
1 -0.849918176
1 0.340248267
1 -6.280454104
1 -0.775000175
1 -3.257807647
1 2.096327184
1 -2.378834364
1 6.082509643
1 -0.25435815
1 0.251277491
1 -2.714141283
1 6.037294986
1 -0.87471331
1 -4.791373479
1 7.902249596
1 -1.936528469
1 -3.565534941
1 2.831755561
1 -2.913748465
1 1.763687336
1 -1.688627808
1 1.065141308
1 1.463321993
1 2.129873542
1 2.916856185
1 0.830316802
1 4.988606663
1 5.170923826
1 -2.441182377
1 12.39586392
1 4.615221112
1 -1.74108447
1 9.098764793
1 6.540490357
1 1.689395275
1 5.375366973
1 9.103140405
1 -3.014387539
1 -7.025477727
1 0.618235959
1 6.941588117
1 4.30925146
1 1.626390395
1 -0.354015491
1 1.139526711
1 -4.241017414
1 1.228807539
1 1.744819693
1 0.292278113
1 -4.146303017
1 -1.713372261
1 -4.514032873
1 0.184184775
1 -2.483421264
1 3.709469445
1 1.984019811
1 2.593688405
1 -0.692396147
1 -0.953886653
1 -2.241362766
1 -0.789757973
1 9.908252998
1 18.17358188
1 1.832331931
1 -2.826236226
1 1.112608869
1 1.504161037
1 0.314410652
1 7.245363414
1 0.137511581
1 0.968877846
1 -0.222747134
1 -5.501180625
1 -1.657947844
1 -1.783175609
1 3.992425682
1 13.23080098
1 1.482282978
1 5.713499704
1 2.235391207
1 0.268147354
1 -2.209507301
1 2.816844613
1 -3.779873238
1 -2.365338437
1 -0.613635132
1 0.022287134
1 6.360581069
1 9.464857657
1 -1.012534717
1 11.05028771
1 -0.136693433
1 -3.591392994
1 8.578181426
1 3.818859743
1 0.328579968
1 -6.455077045
1 -0.348181342
1 5.97020227
1 -5.474939975
1 -8.885163933
1 -8.594751274
1 -4.588149293
1 1.310175575
1 -5.27149966
1 -2.715387391
1 -8.814990407
1 -1.332694024
1 4.319754985
1 6.191032025
1 13.62606459
1 -2.82839576
1 1.966517363
1 2.627054718
1 0.478809311
1 -0.190659313
1 -2.34783599
