9.1348304028156
7.92973371522982
7.08216281362756
6.23024582192023
4.44931997257498
3.70456771179014
3.52933259551008
3.08716343590482
2.74859105802932
2.67441564304943
2.46419147358705
2.38409618298247
2.34606052137799
2.27896245657246
2.19870634713674
2.15984256099574
2.09638280702352
2.07059702349461
1.96558823759054
1.92362292391368
1.87041717481292
1.86779491175645
1.81474259648996
1.79355270703316
1.7373835707281
1.713450731468
1.69140000243624
1.67407205343963
1.66383068109902
1.64786404902591
1.64051578141331
1.62946486840889
1.61174749551899
1.59703008438606
1.58692383594898
1.57490526395149
1.55796110144881
1.54355139279836
1.53941228282837
1.51760859042362
1.51188151822358
1.50555875175479
1.49381322866161
1.48047009343198
1.47380172488993
1.46298640812393
1.45553574141364
1.44854473545393
1.44290474965877
1.43390941797445
1.4258027738632
1.42315740026788
1.41257664167586
1.41144472747735
1.4022922276857
1.39274842289627
1.38893387893688
1.37744864023546
1.37229157093317
1.36397413130193
1.36247023338205
1.35924873351681
1.35145568474563
1.34811671520363
1.3441260709458
1.33766757937447
1.33338427280119
1.3238404864141
1.32142286861131
1.31467631605457
1.30154058737873
1.29904047780607
1.29575279315609
1.29289240179102
1.2899185543132
1.2825621924405
1.27678058438931
1.2718041011444
1.26845837011941
1.2670854939436
1.26196652551933
1.25536045156521
1.24730440568804
1.24584558775066
1.24238304971231
1.23955017875181
1.23449479692749
1.23084310136416
1.2264356374555
1.22289340670389
1.22179484601338
1.2191909389988
1.21421036745778
1.21148238698978
1.21042896942447
1.20471397578643
1.20231006336024
1.19963669476853
1.19177213885561
1.18632269230762
1.18309239259321
1.17968592234959
1.17612373860942
1.17485417127967
1.17001725552015
1.16494198940427
1.15945244845143
1.15754133640184
1.1548223538291
1.15166994551496
1.14649805380718
1.1428118760429
1.14106545014459
1.1396730472614
1.13430992106691
1.13330932856297
1.13086248153531
1.1267597980362
1.1250965996766
1.12163485593672
1.11941022486744
1.1186937392303
1.11653056145593
1.11475221204859
1.10859687510624
1.10747033403976
1.10323947925508
1.10117962893594
1.09790283141666
1.09401342421881
1.09114873479642
1.08733821927173
1.08495954106687
1.08320886455337
1.08083189815462
1.07923217696108
1.07669498136568
1.07181233417764
1.07102438961532
1.0666498705616
1.0653059097137
1.05915940755962
1.0547028765836
1.05451391562697
1.04954964762201
1.04769539493122
1.04455083935303
1.04030912259553
1.0382853288958
1.03426120615096
1.03237851736533
1.03182108917089
1.02775341408332
1.02580791821212
1.02181934403061
1.02034431135261
1.01777938389377
1.01415377314889
1.01104372844263
1.00868145288896
1.00710953782004
1.00546684733591
1.00155824436633
0.99960389606629
0.997988200039321
0.995707722847649
0.995092463743667
0.991368792676962
0.989314736191278
0.986725518055428
0.983815710422608
0.981834289664849
0.977319558684137
0.975354537201005
0.970608819323824
0.968319713611679
0.967442205042001
0.964474477869113
0.961531068845654
0.958155639139835
0.957627838969347
0.955901315498379
0.951452170899402
0.949450472249796
0.948139453721321
0.947658498947889
0.943211587772399
0.94224473227708
0.938816677131165
0.936286121283221
0.932944293785158
0.93067007006277
0.92860744628885
0.927455501545683
0.924781278647213
0.924094670619131
0.919566438977223
0.914432587358447
0.913087683646507
0.911216136739957
0.910073463320985
0.905168647223767
0.901604641500549
0.901303196193462
0.896053210359666
0.893182658971701
0.892230791990577
0.888204337428218
0.885470518661235
0.884786888849319
0.883081909410164
0.880013563339177
0.878957372800177
0.875680125154818
0.874044351272937
0.873467820517251
0.871779821466592
0.868008631411169
0.864944901486684
0.860923120264615
0.859569151214451
0.855090519079097
0.853896723969731
0.851611658560513
0.848697754002745
0.847570679041737
0.842115851140859
0.839898324576985
0.839251439916637
0.833305195669384
0.832094297877602
0.830067903750494
0.826942142487347
0.823313823611049
0.821434916997582
0.819191803721338
0.817852832775009
0.812720447950827
0.812252512403863
0.80858246226022
0.806201299216902
0.803591004886011
0.800206276751144
0.798653855031585
0.794099587026396
0.791627838996469
0.789712922001399
0.788515987549662
0.784033344719546
0.780376116575286
0.777547858431524
0.771631632141894
0.770129521924645
0.76536725860105
0.763505768840661
0.757370065577448
0.753534777163261
0.750338174993297
0.743839061780332
0.736899296263849
0.731878198420852
0.72669284531347
0.72479535645776
0.723147659467454
0.721408150597284
0.714971567427388
0.712177391448209
0.709346045216062
0.707681831219638
0.706870158526456
0.697952125295438
0.693913436001834
0.691361757845774
0.685393705926919
0.680873925103075
0.679422874828383
0.670311355368161
0.668359370180153
0.659767661495147
0.659424615646586
0.657652475709975
0.652518981842509
0.643243804801358
0.635692458622213
0.634686918830039
0.632590344876733
0.628267061996802
0.624293564927698
0.619049561710325
0.612865565689008
0.603514251101507
0.591668820032571
0.587583316746654
0.57828055375859
0.573255215139175
0.56767078675095
0.561684957561492
0.541122897502585
0.514777611613134
0.509615479746147
0.502869574607933
0.484027974083912
0.467473853745245
0.464391239404202
0.46241078974173
0.453327223444718
0.446043146699646
0.433275109891209
0.430997261057423
0.42379385930218
0.417616992771701
0.416171129685783
0.405838878923439
0.401096246469548
0.397679507495062
0.393294617672584
0.386279174162281
0.383181820660387
0.382093795054372
0.379671430887328
0.374158873865032
0.373364061025821
0.37029737772536
0.366906462617805
0.362719959223469
0.359076514330945
0.354987104728923
0.349928367640778
0.346205039807764
0.336577539699408
0.333448316635902
0.332210815736906
0.329121480863114
0.327083284474403
0.321082200307978
0.317560490039053
0.315304776509034
0.312966135548681
0.304720511084425
0.301467591893596
0.292814060464513
0.289212354770495
0.283745574289617
0.282265111283771
0.278461499012186
0.271607204607061
0.266088490461725
0.256946767252693
0.254075697994731
0.248935443908804
0.243790834208099
0.237040032960731
0.236040631530392
0.228481322755086
0.225309038792645
0.22137353697957
0.217847850983957
0.214596210688321
0.208898723930528
0.199038201819852
0.198392002294693
0.19607754277939
0.194663177888999
0.1910547282425
0.189518544630479
0.178685583173248
0.167289078012088
0.164879748970882
0.16157848483443
0.159949009670988
0.157744472879186
0.154688011280851
0.151042392029141
0.141274653192825
0.133926954369433
0.125373131444211
0.120866074435982
0.113858193429237
0.113387390690574
0.110628164836148
0.107128251834581
0.101850878145747
0.0984275256655159
0.0949721691500637
0.0882476063596916
0.0852591497878569
0.0598399513949612
0.0461300660640493
-3.20446267424273e-15
